0.108584
0.108181
0.107779
0.107380
0.106982
0.106585
0.106191
0.105797
0.105406
0.105016
0.104627
0.104240
0.103855
0.103472
0.103089
0.102709
0.102330
0.101952
0.101576
0.101202
0.100829
0.100458
0.100088
0.099720
0.099353
0.098988
0.098624
0.098262
0.097901
0.097542
0.097184
0.096827
0.096472
0.096119
0.095767
0.095417
0.095067
0.094720
0.094374
0.094029
0.093686
0.093344
0.093003
0.092664
0.092326
0.091990
0.091655
0.091322
0.090989
0.090659
0.090329
0.090001
0.089675
0.089349
0.089025
0.088703
0.088382
0.088062
0.087743
0.087426
0.087110
0.086795
0.086482
0.086170
0.085860
0.085550
0.085242
0.084935
0.084630
0.084326
0.084023
0.083721
0.083421
0.083122
0.082824
0.082527
0.082232
0.081938
0.081645
0.081354
0.081063
0.080774
0.080486
0.080199
0.079914
0.079630
0.079347
0.079065
0.078784
0.078504
0.078226
0.077949
0.077673
0.077398
0.077125
0.076852
0.076581
0.076311
0.076042
0.075774
0.075508
0.075242
0.074978
0.074714
0.074452
0.074191
0.073931
0.073673
0.073415
0.073158
0.072903
0.072649
0.072395
0.072143
0.071892
0.071642
0.071393
0.071145
0.070899
0.070653
0.070408
0.070165
0.069922
0.069681
0.069440
0.069201
0.068963
0.068725
0.068489
0.068254
0.068020
0.067786
0.067554
0.067323
0.067093
0.066864
0.066636
0.066408
0.066182
0.065957
0.065733
0.065510
0.065288
0.065066
0.064846
0.064627
0.064408
0.064191
0.063975
0.063759
0.063545
0.063331
0.063118
0.062907
0.062696
0.062486
0.062277
0.062069
0.061862
0.061656
0.061451
0.061246
0.061043
0.060840
0.060639
0.060438
0.060238
0.060039
0.059841
0.059644
0.059448
0.059253
0.059058
0.058864
0.058672
0.058480
0.058289
0.058098
0.057909
0.057721
0.057533
0.057346
0.057160
0.056975
0.056791
0.056607
0.056425
0.056243
0.056062
0.055882
0.055702
0.055524
0.055346
0.055169
0.054993
0.054818
0.054643
0.054469
0.054296
0.054124
0.053953
0.053782
0.053613
0.053443
0.053275
0.053108
0.052941
0.052775
0.052610
0.052445
0.052282
0.052119
0.051957
0.051795
0.051634
0.051474
0.051315
0.051157
0.050999
0.050842
0.050686
0.050530
0.050375
0.050221
0.050068
0.049915
0.049763
0.049611
0.049461
0.049311
0.049162
0.049013
0.048865
0.048718
0.048572
0.048426
0.048281
0.048137
0.047993
0.047850
0.047707
0.047566
0.047425
0.047284
0.047145
0.047006
0.046867
0.046729
0.046592
0.046456
0.046320
0.046185
0.046050
0.045916
0.045783
0.045651
0.045519
0.045387
0.045256
0.045126
0.044997
0.044868
0.044740
0.044612
0.044485
0.044358
0.044233
0.044107
0.043983
0.043859
0.043735
0.043612
0.043490
0.043368
0.043247
0.043127
0.043007
0.042888
0.042769
0.042651
0.042533
0.042416
0.042299
0.042183
0.042068
0.041953
0.041839
0.041725
0.041612
0.041500
0.041388
0.041276
0.041165
0.041055
0.040945
0.040836
0.040727
0.040619
0.040511
0.040404
0.040297
0.040191
0.040085
0.039980
0.039875
0.039771
0.039668
0.039564
0.039462
0.039359
0.039257
0.039156
0.039055
0.038955
0.038855
0.038755
0.038656
0.038558
0.038460
0.038362
0.038265
0.038168
0.038072
0.037976
0.037880
0.037785
0.037691
0.037597
0.037503
0.037410
0.037317
0.037224
0.037132
0.037041
0.036950
0.036859
0.036769
0.036679
0.036589
0.036500
0.036412
0.036323
0.036236
0.036148
0.036061
0.035975
0.035889
0.035803
0.035717
0.035632
0.035548
0.035464
0.035380
0.035296
0.035213
0.035131
0.035049
0.034967
0.034885
0.034804
0.034723
0.034643
0.034563
0.034484
0.034404
0.034325
0.034247
0.034169
0.034091
0.034014
0.033937
0.033860
0.033784
0.033708
0.033632
0.033557
0.033482
0.033408
0.033333
0.033260
0.033186
0.033113
0.033040
0.032968
0.032896
0.032824
0.032752
0.032681
0.032611
0.032540
0.032470
0.032400
0.032331
0.032262
0.032193
0.032124
0.032056
0.031988
0.031921
0.031854
0.031787
0.031720
0.031654
0.031588
0.031522
0.031457
0.031392
0.031327
0.031263
0.031199
0.031135
0.031072
0.031008
0.030946
0.030883
0.030821
0.030759
0.030697
0.030636
0.030574
0.030514
0.030453
0.030393
0.030333
0.030273
0.030214
0.030154
0.030096
0.030037
0.029979
0.029921
0.029863
0.029805
0.029748
0.029691
0.029635
0.029578
0.029522
0.029466
0.029410
0.029355
0.029300
0.029245
0.029191
0.029136
0.029082
0.029028
0.028975
0.028921
0.028868
0.028816
0.028763
0.028711
0.028659
0.028607
0.028555
0.028504
0.028453
0.028402
0.028351
0.028301
0.028251
0.028201
0.028151
0.028102
0.028052
0.028003
0.027955
0.027906
0.027858
0.027810
0.027762
0.027714
0.027667
0.027620
0.027573
0.027526
0.027479
0.027433
0.027387
0.027341
0.027295
0.027250
0.027205
0.027160
0.027115
0.027070
0.027026
0.026982
0.026938
0.026894
0.026850
0.026807
0.026764
0.026721
0.026678
0.026635
0.026593
0.026551
0.026509
0.026467
0.026425
0.026384
0.026342
0.026301
0.026261
0.026220
0.026179
0.026139
0.026099
0.026059
0.026019
0.025980
0.025940
0.025901
0.025862
0.025823
0.025785
0.025746
0.025708
0.025670
0.025632
0.025594
0.025556
0.025519
0.025481
0.025444
0.025407
0.025371
0.025334
0.025298
0.025261
0.025225
0.025189
0.025153
0.025118
0.025082
0.025047
0.025012
0.024977
0.024942
0.024907
0.024873
0.024838
0.024804
0.024770
0.024736
0.024702
0.024669
0.024635
0.024602
0.024569
0.024536
0.024503
0.024470
0.024437
0.024405
0.024373
0.024340
0.024308
0.024277
0.024245
0.024213
0.024182
0.024150
0.024119
0.024088
0.024057
0.024026
0.023996
0.023965
0.023935
0.023904
0.023874
0.023844
0.023814
0.023784
0.023755
0.023725
0.023696
0.023667
0.023637
0.023608
0.023580
0.023551
0.023522
0.023494
0.023465
0.023437
0.023409
0.023381
0.023353
0.023325
0.023297
0.023269
0.023242
0.023214
0.023187
0.023160
0.023133
0.023106
0.023079
0.023053
0.023026
0.022999
0.022973
0.022947
0.022920
0.022894
0.022868
0.022843
0.022817
0.022791
0.022766
0.022740
0.022715
0.022689
0.022664
0.022639
0.022614
0.022589
0.022564
0.022540
0.022515
0.022491
0.022466
0.022442
0.022418
0.022394
0.022370
0.022346
0.022322
0.022298
0.022274
0.022251
0.022227
0.022204
0.022180
0.022157
0.022134
0.022111
0.022088
0.022065
0.022042
0.022019
0.021997
0.021974
0.021952
0.021929
0.021907
0.021885
0.021862
0.021840
0.021818
0.021796
0.021774
0.021752
0.021731
0.021709
0.021687
0.021666
0.021644
0.021623
0.021602
0.021581
0.021559
0.021538
0.021517
0.021496
0.021475
0.021455
0.021434
0.021413
0.021393
0.021372
0.021352
0.021331
0.021311
0.021290
0.021270
0.021250
0.021230
0.021210
0.021190
0.021170
0.021150
0.021130
0.021111
0.021091
0.021071
0.021052
0.021032
0.021013
0.020993
0.020974
0.020955
0.020935
0.020916
0.020897
0.020878
0.020859
0.020840
0.020821
0.020802
0.020783
0.020765
0.020746
0.020727
0.020709
0.020690
0.020671
0.020653
0.020635
0.020616
0.020598
0.020580
0.020561
0.020543
0.020525
0.020507
0.020489
0.020471
0.020453
0.020435
0.020417
0.020399
0.020381
0.020364
0.020346
0.020328
0.020311
0.020293
0.020275
0.020258
0.020240
0.020223
0.020206
0.020188
0.020171
0.020154
0.020136
0.020119
0.020102
0.020085
0.020068
0.020051
0.020034
0.020017
0.020000
0.019983
0.019966
0.019949
0.019932
0.019915
0.019899
0.019882
0.019865
0.019849
0.019832
0.019815
0.019799
0.019782
0.019766
0.019749
0.019733
0.019716
0.019700
0.019683
0.019667
0.019651
0.019634
0.019618
0.019602
0.019586
0.019570
0.019553
0.019537
0.019521
0.019505
0.019489
0.019473
0.019457
0.019441
0.019425
0.019409
0.019393
0.019377
0.019361
0.019345
0.019330
0.019314
0.019298
0.019282
0.019266
0.019251
0.019235
0.019219
0.019204
0.019188
0.019172
0.019157
0.019141
0.019125
0.019110
0.019094
0.019079
0.019063
0.019048
0.019032
0.019017
0.019001
0.018986
0.018971
0.018955
0.018940
0.018925
0.018909
0.018894
0.018879
0.018863
0.018848
0.018833
0.018817
0.018802
0.018787
0.018772
0.018757
0.018741
0.018726
0.018711
0.018696
0.018681
0.018666
0.018650
0.018635
0.018620
0.018605
0.018590
0.018575
0.018560
0.018545
0.018530
0.018515
0.018500
0.018485
0.018470
0.018455
0.018440
0.018425
0.018410
0.018395
0.018380
0.018365
0.018350
0.018335
0.018320
0.018306
0.018291
0.018276
0.018261
0.018246
0.018231
0.018216
0.018202
0.018187
0.018172
0.018157
0.018142
0.018128
0.018113
0.018098
0.018083
0.018068
0.018054
0.018039
0.018024
0.018009
0.017995
0.017980
0.017965
0.017950
0.017936
0.017921
0.017906
0.017892
0.017877
0.017862
0.017847
0.017833
0.017818
0.017803
0.017789
0.017774
0.017759
0.017745
0.017730
0.017715
0.017701
0.017686
0.017672
0.017657
0.017642
0.017628
0.017613
0.017598
0.017584
0.017569
0.017555
0.017540
0.017525
0.017511
0.017496
0.017482
0.017467
0.017453
0.017438
0.017423
0.017409
0.017394
0.017380
0.017365
0.017351
0.017336
0.017321
0.017307
0.017292
0.017278
0.017263
0.017249
0.017234
0.017220
0.017205
0.017191
0.017176
0.017162
0.017147
0.017133
0.017118
0.017104
0.017089
0.017075
0.017060
0.017046
0.017031
0.017017
0.017002
0.016988
0.016973
0.016959
0.016945
0.016930
0.016916
0.016901
0.016887
0.016872
0.016858
0.016844
0.016829
0.016815
0.016800
0.016786
0.016771
0.016757
0.016743
0.016728
0.016714
0.016699
0.016685
0.016671
0.016656
0.016642
0.016628
0.016613
0.016599
0.016585
0.016570
0.016556
0.016542
0.016527
0.016513
0.016499
0.016484
0.016470
0.016456
0.016441
0.016427
0.016413
0.016399
0.016384
0.016370
0.016356
0.016342
0.016327
0.016313
0.016299
0.016285
0.016271
0.016256
0.016242
0.016228
0.016214
0.016200
0.016186
0.016171
0.016157
0.016143
0.016129
0.016115
0.016101
0.016087
0.016073
0.016059
0.016045
0.016030
0.016016
0.016002
0.015988
0.015974
0.015960
0.015946
0.015932
0.015918
0.015905
0.015891
0.015877
0.015863
0.015849
0.015835
0.015821
0.015807
0.015793
0.015780
0.015766
0.015752
0.015738
0.015724
0.015711
0.015697
0.015683
0.015669
0.015656
0.015642
0.015628
0.015615
0.015601
0.015587
0.015574
0.015560
0.015547
0.015533
0.015519
0.015506
0.015492
0.015479
0.015465
0.015452
0.015439
0.015425
0.015412
0.015398
0.015385
0.015372
0.015358
0.015345
0.015332
0.015319
0.015305
0.015292
0.015279
0.015266
0.015253
0.015239
0.015226
0.015213
0.015200
0.015187
0.015174
0.015161
0.015148
0.015135
0.015122
0.015109
0.015097
0.015084
0.015071
0.015058
0.015045
0.015033
0.015020
0.015007
0.014995
0.014982
0.014969
0.014957
0.014944
0.014932
0.014919
0.014907
0.014894
0.014882
0.014870
0.014857
0.014845
0.014833
0.014821
0.014808
0.014796
0.014784
0.014772
0.014760
0.014748
0.014736
0.014724
0.014712
0.014700
0.014688
0.014676
0.014664
0.014653
0.014641
0.014629
0.014618
0.014606
0.014594
0.014583
0.014571
0.014560
0.014548
0.014537
0.014526
0.014514
0.014503
0.014492
0.014481
0.014469
0.014458
0.014447
0.014436
0.014425
0.014414
0.014403
0.014393
0.014382
0.014371
0.014360
0.014349
0.014339
0.014328
0.014318
0.014307
0.014297
0.014286
0.014276
0.014266
0.014255
0.014245
0.014235
0.014225
0.014215
0.014205
0.014195
0.014185
0.014175
0.014165
0.014155
0.014145
0.014136
0.014126
0.014116
0.014107
0.014097
0.014088
0.014078
0.014069
0.014060
0.014050
0.014041
0.014032
0.014023
0.014014
0.014005
0.013996
0.013987
0.013978
0.013970
0.013961
0.013952
0.013944
0.013935
0.013927
0.013918
0.013910
0.013902
0.013893
0.013885
0.013877
0.013869
0.013861
0.013853
0.013845
0.013837
0.013829
0.013821
0.013814
0.013806
0.013799
0.013791
0.013784
0.013776
0.013769
0.013762
0.013754
0.013747
0.013740
0.013733
0.013726
0.013719
0.013712
0.013706
0.013699
0.013692
0.013686
0.013679
0.013673
0.013666
0.013660
0.013654
0.013647
0.013641
0.013635
0.013629
0.013623
0.013617
0.013611
0.013605
0.013600
0.013594
0.013588
0.013583
0.013577
0.013572
0.013567
0.013561
0.013556
0.013551
0.013546
0.013541
0.013536
0.013531
0.013526
0.013521
0.013516
0.013512
0.013507
0.013502
0.013498
0.013493
0.013489
0.013485
0.013481
0.013476
0.013472
0.013468
0.013464
0.013460
0.013456
0.013453
0.013449
0.013445
0.013441
0.013438
0.013434
0.013431
0.013428
0.013424
0.013421
0.013418
0.013414
0.013411
0.013408
0.013405
0.013402
0.013400
0.013397
0.013394
0.013391
0.013389
