0.108559
0.108132
0.107707
0.107283
0.106861
0.106441
0.106023
0.105606
0.105190
0.104776
0.104364
0.103954
0.103545
0.103138
0.102732
0.102328
0.101926
0.101525
0.101126
0.100728
0.100332
0.099937
0.099544
0.099153
0.098763
0.098375
0.097988
0.097603
0.097219
0.096837
0.096456
0.096077
0.095700
0.095324
0.094949
0.094576
0.094204
0.093834
0.093465
0.093098
0.092732
0.092368
0.092005
0.091644
0.091284
0.090925
0.090568
0.090213
0.089858
0.089506
0.089154
0.088804
0.088456
0.088108
0.087763
0.087418
0.087075
0.086733
0.086393
0.086054
0.085717
0.085380
0.085046
0.084712
0.084380
0.084049
0.083720
0.083391
0.083065
0.082739
0.082415
0.082092
0.081770
0.081450
0.081131
0.080813
0.080497
0.080181
0.079868
0.079555
0.079244
0.078933
0.078625
0.078317
0.078011
0.077705
0.077402
0.077099
0.076797
0.076497
0.076198
0.075900
0.075604
0.075309
0.075014
0.074721
0.074430
0.074139
0.073850
0.073561
0.073274
0.072988
0.072704
0.072420
0.072138
0.071856
0.071576
0.071297
0.071020
0.070743
0.070467
0.070193
0.069919
0.069647
0.069376
0.069106
0.068837
0.068570
0.068303
0.068037
0.067773
0.067509
0.067247
0.066986
0.066726
0.066467
0.066208
0.065951
0.065696
0.065441
0.065187
0.064934
0.064682
0.064432
0.064182
0.063933
0.063686
0.063439
0.063193
0.062949
0.062705
0.062463
0.062221
0.061981
0.061741
0.061502
0.061265
0.061028
0.060793
0.060558
0.060324
0.060092
0.059860
0.059629
0.059399
0.059170
0.058942
0.058715
0.058489
0.058264
0.058040
0.057817
0.057595
0.057373
0.057153
0.056933
0.056715
0.056497
0.056280
0.056064
0.055849
0.055635
0.055422
0.055209
0.054998
0.054787
0.054578
0.054369
0.054161
0.053954
0.053748
0.053542
0.053338
0.053134
0.052932
0.052730
0.052529
0.052328
0.052129
0.051930
0.051733
0.051536
0.051340
0.051144
0.050950
0.050756
0.050564
0.050372
0.050180
0.049990
0.049800
0.049612
0.049424
0.049237
0.049050
0.048865
0.048680
0.048496
0.048312
0.048130
0.047948
0.047767
0.047587
0.047408
0.047229
0.047051
0.046874
0.046697
0.046522
0.046347
0.046173
0.045999
0.045826
0.045654
0.045483
0.045313
0.045143
0.044974
0.044805
0.044638
0.044471
0.044304
0.044139
0.043974
0.043810
0.043647
0.043484
0.043322
0.043160
0.043000
0.042840
0.042681
0.042522
0.042364
0.042207
0.042050
0.041894
0.041739
0.041584
0.041430
0.041277
0.041124
0.040972
0.040821
0.040670
0.040520
0.040371
0.040222
0.040074
0.039927
0.039780
0.039634
0.039488
0.039343
0.039199
0.039055
0.038912
0.038769
0.038627
0.038486
0.038345
0.038205
0.038066
0.037927
0.037789
0.037651
0.037514
0.037377
0.037241
0.037106
0.036971
0.036837
0.036704
0.036571
0.036438
0.036306
0.036175
0.036044
0.035914
0.035784
0.035655
0.035527
0.035399
0.035272
0.035145
0.035018
0.034893
0.034767
0.034643
0.034519
0.034395
0.034272
0.034150
0.034028
0.033906
0.033785
0.033665
0.033545
0.033425
0.033307
0.033188
0.033070
0.032953
0.032836
0.032720
0.032604
0.032489
0.032374
0.032260
0.032146
0.032033
0.031920
0.031807
0.031696
0.031584
0.031473
0.031363
0.031253
0.031144
0.031035
0.030926
0.030818
0.030710
0.030603
0.030497
0.030391
0.030285
0.030180
0.030075
0.029971
0.029867
0.029763
0.029660
0.029558
0.029456
0.029354
0.029253
0.029152
0.029052
0.028952
0.028853
0.028754
0.028655
0.028557
0.028459
0.028362
0.028265
0.028169
0.028073
0.027977
0.027882
0.027787
0.027693
0.027599
0.027505
0.027412
0.027319
0.027227
0.027135
0.027043
0.026952
0.026862
0.026771
0.026681
0.026592
0.026503
0.026414
0.026326
0.026238
0.026150
0.026063
0.025976
0.025889
0.025803
0.025718
0.025632
0.025547
0.025463
0.025379
0.025295
0.025211
0.025128
0.025045
0.024963
0.024881
0.024799
0.024718
0.024637
0.024556
0.024476
0.024396
0.024316
0.024237
0.024158
0.024080
0.024002
0.023924
0.023846
0.023769
0.023692
0.023616
0.023540
0.023464
0.023388
0.023313
0.023238
0.023164
0.023090
0.023016
0.022942
0.022869
0.022796
0.022723
0.022651
0.022579
0.022507
0.022436
0.022365
0.022294
0.022224
0.022154
0.022084
0.022014
0.021945
0.021876
0.021808
0.021739
0.021671
0.021604
0.021536
0.021469
0.021402
0.021336
0.021270
0.021204
0.021138
0.021073
0.021007
0.020943
0.020878
0.020814
0.020750
0.020686
0.020623
0.020559
0.020497
0.020434
0.020372
0.020309
0.020248
0.020186
0.020125
0.020064
0.020003
0.019943
0.019882
0.019822
0.019763
0.019703
0.019644
0.019585
0.019526
0.019468
0.019410
0.019352
0.019294
0.019237
0.019179
0.019122
0.019066
0.019009
0.018953
0.018897
0.018841
0.018786
0.018731
0.018675
0.018621
0.018566
0.018512
0.018458
0.018404
0.018350
0.018297
0.018244
0.018191
0.018138
0.018085
0.018033
0.017981
0.017929
0.017878
0.017826
0.017775
0.017724
0.017673
0.017623
0.017572
0.017522
0.017472
0.017423
0.017373
0.017324
0.017275
0.017226
0.017177
0.017129
0.017081
0.017033
0.016985
0.016937
0.016890
0.016842
0.016795
0.016749
0.016702
0.016655
0.016609
0.016563
0.016517
0.016471
0.016426
0.016381
0.016336
0.016291
0.016246
0.016201
0.016157
0.016113
0.016069
0.016025
0.015981
0.015938
0.015894
0.015851
0.015808
0.015766
0.015723
0.015681
0.015638
0.015596
0.015554
0.015513
0.015471
0.015430
0.015388
0.015347
0.015307
0.015266
0.015225
0.015185
0.015145
0.015105
0.015065
0.015025
0.014985
0.014946
0.014907
0.014868
0.014829
0.014790
0.014751
0.014713
0.014674
0.014636
0.014598
0.014560
0.014523
0.014485
0.014448
0.014410
0.014373
0.014336
0.014299
0.014263
0.014226
0.014190
0.014153
0.014117
0.014081
0.014045
0.014010
0.013974
0.013939
0.013903
0.013868
0.013833
0.013798
0.013764
0.013729
0.013695
0.013660
0.013626
0.013592
0.013558
0.013524
0.013491
0.013457
0.013424
0.013390
0.013357
0.013324
0.013291
0.013258
0.013226
0.013193
0.013161
0.013128
0.013096
0.013064
0.013032
0.013000
0.012968
0.012937
0.012905
0.012874
0.012843
0.012812
0.012781
0.012750
0.012719
0.012688
0.012658
0.012627
0.012597
0.012567
0.012537
0.012506
0.012477
0.012447
0.012417
0.012388
0.012358
0.012329
0.012299
0.012270
0.012241
0.012212
0.012183
0.012155
0.012126
0.012097
0.012069
0.012041
0.012012
0.011984
0.011956
0.011928
0.011900
0.011873
0.011845
0.011817
0.011790
0.011762
0.011735
0.011708
0.011681
0.011654
0.011627
0.011600
0.011573
0.011547
0.011520
0.011494
0.011467
0.011441
0.011415
0.011389
0.011363
0.011337
0.011311
0.011285
0.011259
0.011234
0.011208
0.011183
0.011157
0.011132
0.011107
0.011082
0.011057
0.011032
0.011007
0.010982
0.010957
0.010933
0.010908
0.010884
0.010859
0.010835
0.010811
0.010787
0.010762
0.010738
0.010714
0.010691
0.010667
0.010643
0.010619
0.010596
0.010572
0.010549
0.010525
0.010502
0.010479
0.010456
0.010433
0.010410
0.010387
0.010364
0.010341
0.010318
0.010295
0.010273
0.010250
0.010228
0.010205
0.010183
0.010161
0.010138
0.010116
0.010094
0.010072
0.010050
0.010028
0.010006
0.009985
0.009963
0.009941
0.009920
0.009898
0.009876
0.009855
0.009834
0.009812
0.009791
0.009770
0.009749
0.009728
0.009707
0.009686
0.009665
0.009644
0.009623
0.009602
0.009582
0.009561
0.009540
0.009520
0.009499
0.009479
0.009458
0.009438
0.009418
0.009398
0.009377
0.009357
0.009337
0.009317
0.009297
0.009277
0.009257
0.009238
0.009218
0.009198
0.009178
0.009159
0.009139
0.009120
0.009100
0.009081
0.009061
0.009042
0.009023
0.009003
0.008984
0.008965
0.008946
0.008927
0.008908
0.008889
0.008870
0.008851
0.008832
0.008813
0.008794
0.008776
0.008757
0.008738
0.008720
0.008701
0.008683
0.008664
0.008646
0.008627
0.008609
0.008591
0.008572
0.008554
0.008536
0.008518
0.008500
0.008482
0.008463
0.008445
0.008427
0.008410
0.008392
0.008374
0.008356
0.008338
0.008320
0.008303
0.008285
0.008267
0.008250
0.008232
0.008215
0.008197
0.008180
0.008162
0.008145
0.008127
0.008110
0.008093
0.008075
0.008058
0.008041
0.008024
0.008007
0.007989
0.007972
0.007955
0.007938
0.007921
0.007904
0.007887
0.007871
0.007854
0.007837
0.007820
0.007803
0.007787
0.007770
0.007753
0.007736
0.007720
0.007703
0.007687
0.007670
0.007654
0.007637
0.007621
0.007604
0.007588
0.007571
0.007555
0.007539
0.007523
0.007506
0.007490
0.007474
0.007458
0.007441
0.007425
0.007409
0.007393
0.007377
0.007361
0.007345
0.007329
0.007313
0.007297
0.007281
0.007265
0.007250
0.007234
0.007218
0.007202
0.007186
0.007171
0.007155
0.007139
0.007124
0.007108
0.007092
0.007077
0.007061
0.007046
0.007030
0.007015
0.006999
0.006984
0.006968
0.006953
0.006938
0.006922
0.006907
0.006892
0.006876
0.006861
0.006846
0.006831
0.006815
0.006800
0.006785
0.006770
0.006755
0.006740
0.006725
0.006710
0.006695
0.006680
0.006665
0.006650
0.006635
0.006620
0.006605
0.006590
0.006575
0.006560
0.006545
0.006531
0.006516
0.006501
0.006486
0.006471
0.006457
0.006442
0.006427
0.006413
0.006398
0.006383
0.006369
0.006354
0.006340
0.006325
0.006311
0.006296
0.006282
0.006267
0.006253
0.006238
0.006224
0.006209
0.006195
0.006181
0.006166
0.006152
0.006138
0.006123
0.006109
0.006095
0.006081
0.006066
0.006052
0.006038
0.006024
0.006010
0.005996
0.005982
0.005967
0.005953
0.005939
0.005925
0.005911
0.005897
0.005883
0.005869
0.005855
0.005841
0.005827
0.005814
0.005800
0.005786
0.005772
0.005758
0.005744
0.005730
0.005717
0.005703
0.005689
0.005675
0.005662
0.005648
0.005634
0.005621
0.005607
0.005593
0.005580
0.005566
0.005553
0.005539
0.005525
0.005512
0.005498
0.005485
0.005471
0.005458
0.005444
0.005431
0.005418
0.005404
0.005391
0.005377
0.005364
0.005351
0.005337
0.005324
0.005311
0.005298
0.005284
0.005271
0.005258
0.005245
0.005231
0.005218
0.005205
0.005192
0.005179
0.005166
0.005153
0.005139
0.005126
0.005113
0.005100
0.005087
0.005074
0.005061
0.005048
0.005035
0.005022
0.005010
0.004997
0.004984
0.004971
0.004958
0.004945
0.004932
0.004920
0.004907
0.004894
0.004881
0.004869
0.004856
0.004843
0.004830
0.004818
0.004805
0.004792
0.004780
0.004767
0.004755
0.004742
0.004730
0.004717
0.004704
0.004692
0.004679
0.004667
0.004655
0.004642
0.004630
0.004617
0.004605
0.004593
0.004580
0.004568
0.004556
0.004543
0.004531
0.004519
0.004506
0.004494
0.004482
0.004470
0.004458
0.004445
0.004433
0.004421
0.004409
0.004397
0.004385
0.004373
0.004361
0.004349
0.004337
0.004325
0.004313
0.004301
0.004289
0.004277
0.004265
0.004253
0.004241
0.004229
0.004217
0.004206
0.004194
0.004182
0.004170
0.004159
0.004147
0.004135
0.004123
0.004112
0.004100
0.004088
0.004077
0.004065
0.004054
0.004042
0.004030
0.004019
0.004007
0.003996
0.003984
0.003973
0.003961
0.003950
0.003939
0.003927
0.003916
0.003904
0.003893
0.003882
0.003871
0.003859
0.003848
0.003837
0.003825
0.003814
0.003803
0.003792
0.003781
0.003770
0.003758
0.003747
0.003736
0.003725
0.003714
0.003703
0.003692
0.003681
0.003670
0.003659
0.003648
0.003637
0.003627
0.003616
0.003605
0.003594
0.003583
0.003572
0.003562
0.003551
0.003540
0.003529
0.003519
0.003508
0.003497
0.003487
0.003476
0.003465
0.003455
0.003444
0.003434
0.003423
0.003413
0.003402
0.003392
0.003381
0.003371
0.003360
0.003350
0.003339
0.003329
0.003319
0.003308
0.003298
0.003288
0.003278
0.003267
0.003257
0.003247
0.003237
0.003227
0.003216
0.003206
0.003196
0.003186
0.003176
0.003166
0.003156
0.003146
0.003136
0.003126
0.003116
0.003106
0.003096
0.003086
0.003076
0.003066
0.003057
0.003047
0.003037
0.003027
0.003017
0.003008
0.002998
0.002988
0.002978
0.002969
0.002959
0.002950
0.002940
0.002930
0.002921
0.002911
0.002902
0.002892
0.002883
0.002873
0.002864
0.002854
0.002845
0.002835
0.002826
0.002817
0.002807
0.002798
0.002789
0.002779
0.002770
0.002761
0.002752
0.002742
0.002733
0.002724
0.002715
0.002706
0.002697
0.002687
0.002678
0.002669
0.002660
0.002651
0.002642
0.002633
0.002624
0.002615
0.002606
0.002597
0.002588
0.002580
0.002571
0.002562
0.002553
0.002544
0.002535
0.002527
0.002518
0.002509
0.002500
0.002492
0.002483
0.002474
0.002466
0.002457
0.002448
0.002440
0.002431
0.002423
0.002414
0.002406
0.002397
0.002389
0.002380
0.002372
0.002363
0.002355
0.002346
0.002338
0.002329
0.002321
0.002313
0.002304
0.002296
0.002288
0.002280
0.002271
0.002263
0.002255
0.002247
0.002238
0.002230
0.002222
0.002214
0.002206
0.002198
0.002189
0.002181
0.002173
0.002165
0.002157
0.002149
0.002141
0.002133
0.002125
0.002117
0.002109
0.002101
0.002093
0.002085
0.002077
0.002069
0.002062
0.002054
0.002046
0.002038
0.002030
0.002022
0.002015
0.002007
0.001999
0.001991
0.001984
0.001976
0.001968
0.001960
0.001953
0.001945
0.001937
0.001930
0.001922
0.001914
0.001907
0.001899
0.001892
0.001884
0.001876
0.001869
0.001861
0.001854
0.001846
0.001839
0.001831
0.001824
0.001816
0.001809
0.001801
0.001794
0.001786
0.001779
0.001772
0.001764
0.001757
0.001749
0.001742
0.001735
0.001727
0.001720
0.001713
0.001705
0.001698
0.001691
0.001683
0.001676
0.001669
0.001662
0.001654
0.001647
0.001640
0.001633
0.001625
0.001618
0.001611
0.001604
0.001596
0.001589
0.001582
0.001575
0.001568
0.001561
0.001553
0.001546
0.001539
0.001532
0.001525
0.001518
0.001511
0.001504
0.001496
0.001489
0.001482
0.001475
0.001468
0.001461
0.001454
0.001447
0.001440
0.001433
0.001426
0.001419
0.001412
0.001405
0.001398
0.001391
0.001384
0.001377
0.001370
0.001363
0.001356
0.001349
0.001342
0.001335
0.001328
0.001321
0.001314
0.001307
0.001300
0.001293
0.001286
0.001279
0.001272
0.001265
0.001258
0.001251
0.001244
0.001237
0.001230
0.001223
0.001216
0.001209
0.001202
0.001195
0.001188
0.001181
0.001175
0.001168
0.001161
0.001154
0.001147
0.001140
0.001133
0.001126
0.001119
0.001112
0.001105
0.001098
0.001091
0.001084
0.001078
0.001071
0.001064
0.001057
0.001050
0.001043
0.001036
0.001029
0.001022
0.001015
0.001008
0.001001
0.000994
0.000987
0.000980
0.000973
0.000967
0.000960
0.000953
0.000946
0.000939
0.000932
0.000925
0.000918
0.000911
0.000904
0.000897
0.000890
0.000883
0.000876
0.000869
0.000862
0.000855
0.000848
0.000841
0.000834
0.000827
0.000820
0.000813
0.000806
0.000799
0.000792
0.000785
0.000778
0.000771
0.000764
0.000757
0.000750
0.000743
0.000736
0.000729
0.000722
0.000715
0.000708
0.000701
0.000694
0.000687
0.000680
0.000673
0.000666
0.000658
0.000651
0.000644
0.000637
0.000630
0.000623
0.000616
0.000609
0.000602
0.000595
0.000587
0.000580
0.000573
0.000566
0.000559
0.000552
0.000545
0.000537
0.000530
0.000523
0.000516
0.000509
0.000501
0.000494
0.000487
0.000480
0.000473
0.000465
0.000458
0.000451
0.000444
0.000437
0.000429
0.000422
0.000415
0.000408
0.000400
0.000393
0.000386
0.000378
0.000371
0.000364
0.000357
0.000349
0.000342
0.000335
0.000327
0.000320
0.000313
0.000305
0.000298
0.000291
0.000283
0.000276
0.000269
0.000261
0.000254
0.000246
0.000239
0.000232
0.000224
0.000217
0.000209
0.000202
0.000195
0.000187
0.000180
0.000172
0.000165
0.000157
0.000150
0.000142
0.000135
0.000127
0.000120
0.000113
0.000105
0.000098
0.000090
0.000083
0.000075
0.000067
0.000060
0.000052
0.000045
0.000037
0.000030
0.000022
0.000015
0.000007
0.000000
0.000008
0.000016
0.000023
0.000031
0.000038
0.000046
0.000054
0.000061
0.000069
0.000076
0.000084
0.000092
0.000099
0.000107
0.000115
0.000122
0.000130
0.000138
0.000145
0.000153
0.000161
0.000168
0.000176
0.000184
0.000191
0.000199
0.000207
0.000214
0.000222
0.000230
0.000237
0.000245
0.000253
0.000261
0.000268
0.000276
0.000284
0.000292
0.000299
0.000307
0.000315
0.000323
0.000330
0.000338
0.000346
0.000354
0.000361
0.000369
0.000377
0.000385
0.000393
0.000400
0.000408
0.000416
0.000424
0.000432
0.000439
0.000447
