-0.542918, 0.000121, 0.000000, 0.000000, -0.000000, 
0.002015, 0.000241, 0.000000, 0.000000, -0.000000, 
0.544382, 0.000361, 0.000000, 0.000000, 0.000000, 
1.084195, 0.000722, 0.000000, 0.000000, 0.000000, 
1.621463, 0.001324, 0.000001, 0.000000, 0.000000, 
2.156198, 0.002166, 0.000002, 0.000000, 0.000000, 
2.688410, 0.003246, 0.000003, 0.000000, 0.000000, 
3.218108, 0.004566, 0.000005, 0.000000, 0.000000, 
3.745303, 0.006123, 0.000007, 0.000000, 0.000000, 
4.270006, 0.007919, 0.000010, 0.000000, 0.000000, 
4.792227, 0.009951, 0.000014, 0.000000, 0.000000, 
5.311976, 0.012219, 0.000019, 0.000000, 0.000000, 
5.829262, 0.014724, 0.000025, 0.000000, 0.000000, 
6.344097, 0.017463, 0.000032, 0.000000, 0.000000, 
6.856490, 0.020438, 0.000040, 0.000000, 0.000000, 
7.366451, 0.023646, 0.000050, 0.000000, 0.000000, 
7.873990, 0.027088, 0.000061, 0.000000, 0.000000, 
8.379118, 0.030763, 0.000074, 0.000000, 0.000000, 
8.881844, 0.034671, 0.000089, 0.000000, 0.000000, 
9.382178, 0.038811, 0.000105, 0.000000, 0.000000, 
9.880129, 0.043181, 0.000123, 0.000000, 0.000000, 
10.375709, 0.047783, 0.000143, 0.000000, 0.000000, 
10.868925, 0.052615, 0.000166, 0.000000, 0.000000, 
11.359789, 0.057677, 0.000190, 0.000000, 0.000000, 
11.848310, 0.062968, 0.000217, 0.000001, 0.000000, 
12.334498, 0.068487, 0.000246, 0.000001, 0.000000, 
12.818362, 0.074235, 0.000277, 0.000001, 0.000000, 
13.299912, 0.080210, 0.000312, 0.000001, 0.000000, 
13.779157, 0.086412, 0.000348, 0.000001, 0.000000, 
14.256107, 0.092841, 0.000388, 0.000001, 0.000000, 
14.730772, 0.099496, 0.000431, 0.000001, 0.000000, 
15.203161, 0.106376, 0.000476, 0.000002, 0.000000, 
15.673283, 0.113481, 0.000525, 0.000002, 0.000000, 
16.141148, 0.120810, 0.000577, 0.000002, 0.000000, 
16.606766, 0.128364, 0.000632, 0.000002, 0.000000, 
17.070144, 0.136140, 0.000690, 0.000003, 0.000000, 
17.531294, 0.144140, 0.000752, 0.000003, 0.000000, 
17.990224, 0.152361, 0.000818, 0.000003, 0.000000, 
18.446943, 0.160805, 0.000887, 0.000004, 0.000000, 
18.901460, 0.169470, 0.000960, 0.000004, 0.000000, 
19.353786, 0.178355, 0.001037, 0.000005, 0.000000, 
19.803928, 0.187461, 0.001118, 0.000005, 0.000000, 
20.251896, 0.196787, 0.001203, 0.000006, 0.000000, 
20.697699, 0.206331, 0.001292, 0.000006, 0.000000, 
21.141347, 0.216095, 0.001385, 0.000007, 0.000000, 
21.582847, 0.226076, 0.001483, 0.000007, 0.000000, 
22.022209, 0.236276, 0.001585, 0.000008, 0.000000, 
22.459443, 0.246692, 0.001692, 0.000009, 0.000000, 
22.894556, 0.257326, 0.001803, 0.000009, 0.000000, 
23.327558, 0.268175, 0.001919, 0.000010, 0.000000, 
23.758457, 0.279241, 0.002040, 0.000011, 0.000000, 
24.187263, 0.290521, 0.002165, 0.000012, 0.000000, 
24.613984, 0.302017, 0.002296, 0.000013, 0.000000, 
25.038629, 0.313726, 0.002432, 0.000014, 0.000000, 
25.461207, 0.325649, 0.002573, 0.000015, 0.000000, 
25.881725, 0.337786, 0.002720, 0.000016, 0.000000, 
26.300194, 0.350136, 0.002871, 0.000018, 0.000000, 
26.716622, 0.362697, 0.003029, 0.000019, 0.000000, 
27.131016, 0.375471, 0.003191, 0.000020, 0.000000, 
27.543386, 0.388456, 0.003360, 0.000022, 0.000000, 
27.953741, 0.401652, 0.003534, 0.000023, 0.000000, 
28.362088, 0.415058, 0.003714, 0.000025, 0.000000, 
28.768437, 0.428674, 0.003900, 0.000027, 0.000000, 
29.172795, 0.442500, 0.004092, 0.000028, 0.000000, 
29.575171, 0.456535, 0.004290, 0.000030, 0.000000, 
29.975573, 0.470778, 0.004495, 0.000032, 0.000000, 
30.374010, 0.485229, 0.004705, 0.000034, 0.000000, 
30.770490, 0.499888, 0.004922, 0.000036, 0.000000, 
31.165021, 0.514754, 0.005146, 0.000038, 0.000000, 
31.557612, 0.529827, 0.005376, 0.000041, 0.000000, 
31.948271, 0.545105, 0.005613, 0.000043, 0.000000, 
32.337006, 0.560590, 0.005856, 0.000046, 0.000000, 
32.723824, 0.576280, 0.006107, 0.000048, 0.000000, 
33.108735, 0.592175, 0.006364, 0.000051, 0.000000, 
33.491746, 0.608274, 0.006628, 0.000054, 0.000000, 
33.872866, 0.624577, 0.006900, 0.000057, 0.000000, 
34.252102, 0.641083, 0.007178, 0.000060, 0.000000, 
34.629463, 0.657793, 0.007464, 0.000063, 0.000000, 
35.004955, 0.674705, 0.007757, 0.000067, 0.000000, 
35.378589, 0.691819, 0.008058, 0.000070, 0.000000, 
35.750370, 0.709135, 0.008366, 0.000074, 0.000001, 
36.120307, 0.726652, 0.008682, 0.000078, 0.000001, 
36.488409, 0.744370, 0.009006, 0.000081, 0.000001, 
36.854682, 0.762289, 0.009337, 0.000085, 0.000001, 
37.219136, 0.780407, 0.009676, 0.000090, 0.000001, 
37.581776, 0.798725, 0.010023, 0.000094, 0.000001, 
37.942612, 0.817242, 0.010379, 0.000098, 0.000001, 
38.301650, 0.835957, 0.010742, 0.000103, 0.000001, 
38.658899, 0.854871, 0.011114, 0.000108, 0.000001, 
39.014366, 0.873982, 0.011494, 0.000113, 0.000001, 
39.368059, 0.893291, 0.011882, 0.000118, 0.000001, 
39.719986, 0.912796, 0.012279, 0.000123, 0.000001, 
40.070153, 0.932498, 0.012685, 0.000129, 0.000001, 
40.418569, 0.952396, 0.013099, 0.000135, 0.000001, 
40.765242, 0.972490, 0.013522, 0.000140, 0.000001, 
41.110177, 0.992779, 0.013954, 0.000146, 0.000001, 
41.453384, 1.013262, 0.014394, 0.000153, 0.000001, 
41.794869, 1.033940, 0.014844, 0.000159, 0.000001, 
42.134640, 1.054812, 0.015303, 0.000166, 0.000001, 
42.472705, 1.075878, 0.015771, 0.000173, 0.000002, 
42.809070, 1.097136, 0.016248, 0.000180, 0.000002, 
43.143742, 1.118587, 0.016734, 0.000187, 0.000002, 
43.476730, 1.140231, 0.017230, 0.000194, 0.000002, 
43.808041, 1.162066, 0.017735, 0.000202, 0.000002, 
44.137681, 1.184092, 0.018250, 0.000210, 0.000002, 
44.465658, 1.206310, 0.018775, 0.000218, 0.000002, 
44.791980, 1.228718, 0.019309, 0.000226, 0.000002, 
45.116652, 1.251317, 0.019854, 0.000235, 0.000002, 
45.439683, 1.274105, 0.020408, 0.000244, 0.000002, 
45.761080, 1.297083, 0.020972, 0.000253, 0.000002, 
46.080849, 1.320250, 0.021546, 0.000262, 0.000003, 
46.398998, 1.343605, 0.022130, 0.000272, 0.000003, 
46.715533, 1.367149, 0.022725, 0.000282, 0.000003, 
47.030463, 1.390880, 0.023330, 0.000292, 0.000003, 
47.343792, 1.414798, 0.023945, 0.000302, 0.000003, 
47.655530, 1.438904, 0.024571, 0.000313, 0.000003, 
47.965682, 1.463196, 0.025207, 0.000324, 0.000003, 
48.274255, 1.487675, 0.025854, 0.000335, 0.000003, 
48.581257, 1.512339, 0.026512, 0.000346, 0.000004, 
48.886694, 1.537189, 0.027180, 0.000358, 0.000004, 
49.190573, 1.562224, 0.027860, 0.000370, 0.000004, 
49.492901, 1.587443, 0.028550, 0.000383, 0.000004, 
49.793684, 1.612847, 0.029251, 0.000395, 0.000004, 
50.092930, 1.638434, 0.029964, 0.000408, 0.000004, 
50.390644, 1.664205, 0.030687, 0.000422, 0.000005, 
50.686835, 1.690159, 0.031422, 0.000435, 0.000005, 
50.981507, 1.716296, 0.032169, 0.000449, 0.000005, 
51.274669, 1.742615, 0.032926, 0.000463, 0.000005, 
51.566326, 1.769116, 0.033696, 0.000478, 0.000005, 
51.856486, 1.795798, 0.034476, 0.000493, 0.000006, 
52.145154, 1.822662, 0.035269, 0.000508, 0.000006, 
52.432338, 1.849707, 0.036073, 0.000524, 0.000006, 
52.718043, 1.876932, 0.036889, 0.000540, 0.000006, 
53.002277, 1.904337, 0.037717, 0.000556, 0.000007, 
53.285046, 1.931922, 0.038557, 0.000573, 0.000007, 
53.566356, 1.959686, 0.039409, 0.000590, 0.000007, 
53.846213, 1.987629, 0.040273, 0.000607, 0.000007, 
54.124625, 2.015750, 0.041149, 0.000625, 0.000008, 
54.401597, 2.044050, 0.042038, 0.000643, 0.000008, 
54.677136, 2.072528, 0.042939, 0.000662, 0.000008, 
54.951248, 2.101183, 0.043852, 0.000681, 0.000008, 
55.223940, 2.130015, 0.044778, 0.000700, 0.000009, 
55.495217, 2.159023, 0.045717, 0.000720, 0.000009, 
55.765086, 2.188209, 0.046668, 0.000740, 0.000009, 
56.033553, 2.217570, 0.047632, 0.000761, 0.000010, 
56.300625, 2.247107, 0.048608, 0.000782, 0.000010, 
56.566307, 2.276819, 0.049598, 0.000803, 0.000010, 
56.830606, 2.306706, 0.050601, 0.000825, 0.000011, 
57.093528, 2.336767, 0.051616, 0.000848, 0.000011, 
57.355079, 2.367003, 0.052645, 0.000871, 0.000011, 
57.615265, 2.397413, 0.053687, 0.000894, 0.000012, 
57.874092, 2.427996, 0.054742, 0.000917, 0.000012, 
58.131566, 2.458752, 0.055811, 0.000942, 0.000013, 
58.387693, 2.489681, 0.056892, 0.000966, 0.000013, 
58.642480, 2.520782, 0.057988, 0.000991, 0.000014, 
58.895932, 2.552056, 0.059097, 0.001017, 0.000014, 
59.148054, 2.583501, 0.060220, 0.001043, 0.000014, 
59.398854, 2.615117, 0.061356, 0.001070, 0.000015, 
59.648337, 2.646905, 0.062506, 0.001097, 0.000015, 
59.896509, 2.678863, 0.063670, 0.001124, 0.000016, 
60.143375, 2.710992, 0.064848, 0.001152, 0.000016, 
60.388942, 2.743290, 0.066040, 0.001181, 0.000017, 
60.633215, 2.775758, 0.067246, 0.001210, 0.000017, 
60.876200, 2.808396, 0.068466, 0.001239, 0.000018, 
61.117903, 2.841202, 0.069700, 0.001270, 0.000018, 
61.358330, 2.874177, 0.070949, 0.001300, 0.000019, 
61.597486, 2.907320, 0.072212, 0.001332, 0.000020, 
61.835377, 2.940632, 0.073490, 0.001363, 0.000020, 
62.072009, 2.974110, 0.074782, 0.001396, 0.000021, 
62.307387, 3.007756, 0.076088, 0.001429, 0.000021, 
62.541518, 3.041569, 0.077409, 0.001462, 0.000022, 
62.774406, 3.075549, 0.078745, 0.001496, 0.000023, 
63.006057, 3.109694, 0.080096, 0.001531, 0.000023, 
63.236477, 3.144006, 0.081462, 0.001566, 0.000024, 
63.465672, 3.178483, 0.082843, 0.001602, 0.000025, 
63.693646, 3.213126, 0.084238, 0.001638, 0.000025, 
63.920406, 3.247933, 0.085649, 0.001675, 0.000026, 
64.145957, 3.282905, 0.087075, 0.001713, 0.000027, 
64.370304, 3.318041, 0.088516, 0.001751, 0.000028, 
64.593454, 3.353341, 0.089972, 0.001790, 0.000028, 
64.815410, 3.388805, 0.091444, 0.001830, 0.000029, 
65.036179, 3.424432, 0.092931, 0.001870, 0.000030, 
65.255766, 3.460222, 0.094434, 0.001910, 0.000031, 
65.474177, 3.496174, 0.095952, 0.001952, 0.000032, 
65.691416, 3.532289, 0.097486, 0.001994, 0.000033, 
65.907489, 3.568565, 0.099036, 0.002037, 0.000033, 
66.122402, 3.605004, 0.100601, 0.002080, 0.000034, 
66.336159, 3.641603, 0.102183, 0.002124, 0.000035, 
66.548766, 3.678364, 0.103780, 0.002169, 0.000036, 
66.760229, 3.715285, 0.105393, 0.002215, 0.000037, 
66.970552, 3.752367, 0.107023, 0.002261, 0.000038, 
67.179740, 3.789609, 0.108668, 0.002308, 0.000039, 
67.387799, 3.827010, 0.110330, 0.002356, 0.000040, 
67.594734, 3.864571, 0.112008, 0.002404, 0.000041, 
67.800551, 3.902291, 0.113702, 0.002453, 0.000042, 
68.005253, 3.940170, 0.115413, 0.002503, 0.000043, 
68.208846, 3.978207, 0.117140, 0.002553, 0.000044, 
68.411336, 4.016402, 0.118884, 0.002605, 0.000046, 
68.612728, 4.054755, 0.120644, 0.002657, 0.000047, 
68.813025, 4.093266, 0.122421, 0.002710, 0.000048, 
69.012235, 4.131934, 0.124215, 0.002763, 0.000049, 
69.210360, 4.170758, 0.126026, 0.002818, 0.000050, 
69.407408, 4.209740, 0.127853, 0.002873, 0.000052, 
69.603381, 4.248877, 0.129698, 0.002929, 0.000053, 
69.798286, 4.288171, 0.131559, 0.002986, 0.000054, 
69.992127, 4.327620, 0.133438, 0.003043, 0.000055, 
70.184910, 4.367225, 0.135334, 0.003102, 0.000057, 
70.376638, 4.406984, 0.137247, 0.003161, 0.000058, 
70.567317, 4.446899, 0.139177, 0.003221, 0.000060, 
70.756953, 4.486968, 0.141125, 0.003282, 0.000061, 
70.945548, 4.527191, 0.143090, 0.003343, 0.000062, 
71.133109, 4.567567, 0.145073, 0.003406, 0.000064, 
71.319641, 4.608098, 0.147073, 0.003469, 0.000065, 
71.505147, 4.648781, 0.149091, 0.003534, 0.000067, 
71.689633, 4.689618, 0.151126, 0.003599, 0.000068, 
71.873104, 4.730607, 0.153180, 0.003665, 0.000070, 
72.055563, 4.771748, 0.155251, 0.003732, 0.000072, 
72.237017, 4.813042, 0.157340, 0.003800, 0.000073, 
72.417469, 4.854487, 0.159447, 0.003868, 0.000075, 
72.596924, 4.896084, 0.161572, 0.003938, 0.000077, 
72.775387, 4.937832, 0.163715, 0.004008, 0.000078, 
72.952863, 4.979731, 0.165876, 0.004080, 0.000080, 
73.129355, 5.021780, 0.168056, 0.004152, 0.000082, 
73.304870, 5.063980, 0.170254, 0.004226, 0.000084, 
73.479410, 5.106329, 0.172470, 0.004300, 0.000086, 
73.652981, 5.148828, 0.174705, 0.004375, 0.000088, 
73.825588, 5.191477, 0.176958, 0.004451, 0.000089, 
73.997234, 5.234275, 0.179229, 0.004529, 0.000091, 
74.167925, 5.277221, 0.181520, 0.004607, 0.000093, 
74.337665, 5.320316, 0.183829, 0.004686, 0.000095, 
74.506457, 5.363560, 0.186157, 0.004766, 0.000097, 
74.674308, 5.406951, 0.188503, 0.004847, 0.000100, 
74.841220, 5.450490, 0.190869, 0.004929, 0.000102, 
75.007199, 5.494176, 0.193253, 0.005013, 0.000104, 
75.172249, 5.538009, 0.195656, 0.005097, 0.000106, 
75.336375, 5.581989, 0.198079, 0.005182, 0.000108, 
75.499579, 5.626116, 0.200520, 0.005268, 0.000111, 
75.661868, 5.670389, 0.202981, 0.005356, 0.000113, 
75.823246, 5.714808, 0.205461, 0.005444, 0.000115, 
75.983715, 5.759372, 0.207961, 0.005534, 0.000118, 
76.143282, 5.804082, 0.210480, 0.005624, 0.000120, 
76.301950, 5.848937, 0.213018, 0.005716, 0.000122, 
76.459723, 5.893937, 0.215576, 0.005809, 0.000125, 
76.616606, 5.939081, 0.218153, 0.005902, 0.000128, 
76.772603, 5.984370, 0.220750, 0.005997, 0.000130, 
76.927718, 6.029802, 0.223367, 0.006093, 0.000133, 
77.081955, 6.075379, 0.226003, 0.006191, 0.000135, 
77.235319, 6.121099, 0.228660, 0.006289, 0.000138, 
77.387813, 6.166961, 0.231336, 0.006388, 0.000141, 
77.539442, 6.212967, 0.234032, 0.006489, 0.000144, 
77.690209, 6.259116, 0.236749, 0.006591, 0.000147, 
77.840120, 6.305406, 0.239485, 0.006694, 0.000149, 
77.989178, 6.351839, 0.242242, 0.006798, 0.000152, 
78.137386, 6.398413, 0.245018, 0.006903, 0.000155, 
78.284750, 6.445129, 0.247815, 0.007010, 0.000158, 
78.431273, 6.491987, 0.250633, 0.007117, 0.000161, 
78.576960, 6.538985, 0.253471, 0.007226, 0.000165, 
78.721813, 6.586124, 0.256329, 0.007336, 0.000168, 
78.865838, 6.633403, 0.259208, 0.007448, 0.000171, 
79.009037, 6.680823, 0.262107, 0.007560, 0.000174, 
79.151416, 6.728382, 0.265027, 0.007674, 0.000177, 
79.292978, 6.776081, 0.267968, 0.007789, 0.000181, 
79.433727, 6.823919, 0.270930, 0.007906, 0.000184, 
79.573667, 6.871896, 0.273912, 0.008023, 0.000188, 
79.712802, 6.920013, 0.276915, 0.008142, 0.000191, 
79.851135, 6.968267, 0.279940, 0.008262, 0.000195, 
79.988671, 7.016660, 0.282985, 0.008384, 0.000198, 
80.125413, 7.065191, 0.286051, 0.008507, 0.000202, 
80.261366, 7.113860, 0.289139, 0.008631, 0.000206, 
80.396532, 7.162666, 0.292248, 0.008756, 0.000210, 
80.530916, 7.211609, 0.295378, 0.008883, 0.000213, 
80.664522, 7.260690, 0.298529, 0.009011, 0.000217, 
80.797353, 7.309907, 0.301702, 0.009141, 0.000221, 
80.929414, 7.359260, 0.304896, 0.009271, 0.000225, 
81.060707, 7.408750, 0.308112, 0.009404, 0.000229, 
81.191237, 7.458375, 0.311349, 0.009537, 0.000233, 
81.321007, 7.508137, 0.314608, 0.009672, 0.000237, 
81.450021, 7.558033, 0.317889, 0.009808, 0.000242, 
81.578282, 7.608065, 0.321191, 0.009946, 0.000246, 
81.705795, 7.658231, 0.324516, 0.010085, 0.000250, 
81.832563, 7.708532, 0.327862, 0.010226, 0.000255, 
81.958590, 7.758968, 0.331230, 0.010368, 0.000259, 
82.083879, 7.809538, 0.334620, 0.010511, 0.000264, 
82.208433, 7.860241, 0.338032, 0.010656, 0.000268, 
82.332257, 7.911078, 0.341466, 0.010803, 0.000273, 
82.455354, 7.962048, 0.344923, 0.010951, 0.000278, 
82.577728, 8.013152, 0.348402, 0.011100, 0.000282, 
82.699382, 8.064388, 0.351903, 0.011251, 0.000287, 
82.820319, 8.115756, 0.355426, 0.011403, 0.000292, 
82.940543, 8.167257, 0.358972, 0.011557, 0.000297, 
83.060058, 8.218890, 0.362540, 0.011712, 0.000302, 
83.178868, 8.270655, 0.366131, 0.011869, 0.000307, 
83.296974, 8.322552, 0.369745, 0.012027, 0.000312, 
83.414382, 8.374579, 0.373381, 0.012187, 0.000318, 
83.531095, 8.426738, 0.377040, 0.012349, 0.000323, 
83.647115, 8.479028, 0.380721, 0.012512, 0.000328, 
83.762446, 8.531448, 0.384426, 0.012676, 0.000334, 
83.877093, 8.583998, 0.388153, 0.012843, 0.000339, 
83.991057, 8.636678, 0.391904, 0.013010, 0.000345, 
84.104343, 8.689488, 0.395677, 0.013180, 0.000351, 
84.216954, 8.742428, 0.399474, 0.013351, 0.000356, 
84.328893, 8.795497, 0.403293, 0.013523, 0.000362, 
84.440164, 8.848695, 0.407136, 0.013698, 0.000368, 
84.550770, 8.902022, 0.411002, 0.013874, 0.000374, 
84.660713, 8.955477, 0.414892, 0.014051, 0.000380, 
84.769999, 9.009061, 0.418804, 0.014230, 0.000386, 
84.878629, 9.062773, 0.422741, 0.014411, 0.000392, 
84.986607, 9.116612, 0.426700, 0.014594, 0.000399, 
85.093936, 9.170579, 0.430684, 0.014778, 0.000405, 
85.200620, 9.224674, 0.434690, 0.014964, 0.000411, 
85.306661, 9.278895, 0.438721, 0.015151, 0.000418, 
85.412063, 9.333243, 0.442775, 0.015341, 0.000425, 
85.516830, 9.387718, 0.446853, 0.015532, 0.000431, 
85.620964, 9.442319, 0.450955, 0.015725, 0.000438, 
85.724468, 9.497047, 0.455081, 0.015919, 0.000445, 
85.827346, 9.551900, 0.459231, 0.016116, 0.000452, 
85.929601, 9.606879, 0.463405, 0.016314, 0.000459, 
86.031236, 9.661983, 0.467603, 0.016513, 0.000466, 
86.132253, 9.717212, 0.471825, 0.016715, 0.000473, 
86.232657, 9.772566, 0.476071, 0.016919, 0.000480, 
86.332450, 9.828045, 0.480341, 0.017124, 0.000488, 
86.431636, 9.883649, 0.484636, 0.017331, 0.000495, 
86.530217, 9.939376, 0.488955, 0.017540, 0.000503, 
86.628196, 9.995228, 0.493299, 0.017751, 0.000510, 
86.725577, 10.051203, 0.497667, 0.017963, 0.000518, 
86.822362, 10.107301, 0.502060, 0.018178, 0.000526, 
86.918555, 10.163523, 0.506477, 0.018394, 0.000534, 
87.014158, 10.219868, 0.510919, 0.018612, 0.000542, 
87.109175, 10.276335, 0.515385, 0.018832, 0.000550, 
87.203608, 10.332925, 0.519877, 0.019054, 0.000558, 
87.297461, 10.389638, 0.524393, 0.019278, 0.000566, 
87.390736, 10.446472, 0.528934, 0.019504, 0.000574, 
87.483437, 10.503428, 0.533500, 0.019731, 0.000583, 
87.575566, 10.560506, 0.538091, 0.019961, 0.000591, 
87.667126, 10.617705, 0.542707, 0.020193, 0.000600, 
87.758120, 10.675025, 0.547348, 0.020426, 0.000609, 
87.848551, 10.732466, 0.552015, 0.020662, 0.000618, 
87.938422, 10.790028, 0.556706, 0.020899, 0.000627, 
88.027736, 10.847710, 0.561423, 0.021139, 0.000636, 
88.116495, 10.905512, 0.566166, 0.021380, 0.000645, 
88.204703, 10.963434, 0.570933, 0.021624, 0.000654, 
88.292362, 11.021476, 0.575726, 0.021870, 0.000664, 
88.379475, 11.079638, 0.580545, 0.022117, 0.000673, 
88.466045, 11.137918, 0.585389, 0.022367, 0.000683, 
88.552075, 11.196318, 0.590259, 0.022618, 0.000692, 
88.637567, 11.254836, 0.595155, 0.022872, 0.000702, 
88.722524, 11.313473, 0.600076, 0.023128, 0.000712, 
88.806950, 11.372229, 0.605023, 0.023386, 0.000722, 
88.890846, 11.431102, 0.609996, 0.023646, 0.000732, 
88.974216, 11.490093, 0.614995, 0.023908, 0.000742, 
89.057061, 11.549202, 0.620019, 0.024172, 0.000753, 
89.139386, 11.608428, 0.625070, 0.024439, 0.000763, 
89.221193, 11.667772, 0.630147, 0.024707, 0.000774, 
89.302483, 11.727232, 0.635250, 0.024978, 0.000785, 
89.383261, 11.786809, 0.640380, 0.025251, 0.000795, 
89.463529, 11.846503, 0.645535, 0.025526, 0.000806, 
89.543288, 11.906313, 0.650717, 0.025803, 0.000817, 
89.622543, 11.966238, 0.655925, 0.026082, 0.000828, 
89.701295, 12.026280, 0.661160, 0.026364, 0.000840, 
89.779548, 12.086437, 0.666421, 0.026647, 0.000851, 
89.857303, 12.146710, 0.671708, 0.026933, 0.000863, 
89.934564, 12.207098, 0.677022, 0.027222, 0.000874, 
90.011333, 12.267600, 0.682363, 0.027512, 0.000886, 
90.087612, 12.328218, 0.687731, 0.027805, 0.000898, 
90.163405, 12.388950, 0.693125, 0.028100, 0.000910, 
90.238713, 12.449796, 0.698546, 0.028397, 0.000922, 
90.313540, 12.510756, 0.703994, 0.028697, 0.000934, 
90.387887, 12.571829, 0.709469, 0.028999, 0.000947, 
90.461757, 12.633017, 0.714971, 0.029303, 0.000959, 
90.535154, 12.694318, 0.720500, 0.029610, 0.000972, 
90.608079, 12.755731, 0.726056, 0.029918, 0.000985, 
90.680534, 12.817258, 0.731639, 0.030230, 0.000998, 
90.752523, 12.878898, 0.737249, 0.030543, 0.001011, 
90.824048, 12.940650, 0.742887, 0.030859, 0.001024, 
90.895111, 13.002514, 0.748551, 0.031178, 0.001037, 
90.965714, 13.064490, 0.754244, 0.031498, 0.001051, 
91.035861, 13.126578, 0.759963, 0.031821, 0.001064, 
91.105553, 13.188777, 0.765710, 0.032147, 0.001078, 
91.174793, 13.251088, 0.771485, 0.032475, 0.001092, 
91.243584, 13.313510, 0.777287, 0.032805, 0.001106, 
91.311927, 13.376043, 0.783117, 0.033138, 0.001120, 
91.379825, 13.438686, 0.788975, 0.033474, 0.001135, 
91.447281, 13.501440, 0.794860, 0.033811, 0.001149, 
91.514297, 13.564304, 0.800773, 0.034152, 0.001164, 
91.580875, 13.627278, 0.806714, 0.034494, 0.001178, 
91.647017, 13.690362, 0.812683, 0.034840, 0.001193, 
91.712727, 13.753556, 0.818680, 0.035187, 0.001208, 
91.778005, 13.816859, 0.824705, 0.035538, 0.001223, 
91.842855, 13.880271, 0.830758, 0.035891, 0.001239, 
91.907279, 13.943792, 0.836839, 0.036246, 0.001254, 
91.971279, 14.007422, 0.842949, 0.036604, 0.001270, 
92.034858, 14.071160, 0.849086, 0.036965, 0.001286, 
92.098017, 14.135007, 0.855252, 0.037328, 0.001302, 
92.160759, 14.198961, 0.861446, 0.037693, 0.001318, 
92.223086, 14.263024, 0.867669, 0.038062, 0.001334, 
92.285001, 14.327194, 0.873920, 0.038433, 0.001350, 
92.346506, 14.391471, 0.880200, 0.038806, 0.001367, 
92.407602, 14.455856, 0.886508, 0.039183, 0.001384, 
92.468292, 14.520348, 0.892845, 0.039562, 0.001400, 
92.528579, 14.584946, 0.899211, 0.039943, 0.001417, 
92.588464, 14.649651, 0.905605, 0.040327, 0.001435, 
92.647950, 14.714463, 0.912028, 0.040714, 0.001452, 
92.707039, 14.779380, 0.918480, 0.041104, 0.001470, 
92.765732, 14.844403, 0.924961, 0.041496, 0.001487, 
92.824033, 14.909532, 0.931470, 0.041891, 0.001505, 
92.881944, 14.974767, 0.938009, 0.042289, 0.001523, 
92.939465, 15.040107, 0.944577, 0.042690, 0.001541, 
92.996600, 15.105551, 0.951174, 0.043093, 0.001560, 
93.053351, 15.171101, 0.957800, 0.043499, 0.001578, 
93.109720, 15.236755, 0.964456, 0.043908, 0.001597, 
93.165709, 15.302514, 0.971140, 0.044320, 0.001616, 
93.221320, 15.368377, 0.977854, 0.044734, 0.001635, 
93.276554, 15.434344, 0.984598, 0.045152, 0.001654, 
93.331415, 15.500414, 0.991371, 0.045572, 0.001674, 
93.385904, 15.566588, 0.998173, 0.045995, 0.001693, 
93.440024, 15.632866, 1.005005, 0.046421, 0.001713, 
93.493775, 15.699246, 1.011866, 0.046850, 0.001733, 
93.547161, 15.765730, 1.018758, 0.047281, 0.001753, 
93.600184, 15.832316, 1.025678, 0.047716, 0.001774, 
93.652844, 15.899005, 1.032629, 0.048153, 0.001794, 
93.705145, 15.965796, 1.039610, 0.048594, 0.001815, 
93.757089, 16.032689, 1.046620, 0.049037, 0.001836, 
93.808677, 16.099684, 1.053660, 0.049483, 0.001857, 
93.859911, 16.166780, 1.060731, 0.049932, 0.001878, 
93.910794, 16.233978, 1.067831, 0.050384, 0.001899, 
93.961326, 16.301278, 1.074961, 0.050840, 0.001921, 
94.011511, 16.368678, 1.082122, 0.051298, 0.001943, 
94.061351, 16.436179, 1.089313, 0.051759, 0.001965, 
94.110846, 16.503781, 1.096534, 0.052223, 0.001987, 
94.159999, 16.571483, 1.103785, 0.052690, 0.002010, 
94.208813, 16.639285, 1.111067, 0.053160, 0.002032, 
94.257288, 16.707187, 1.118379, 0.053634, 0.002055, 
94.305427, 16.775189, 1.125721, 0.054110, 0.002078, 
94.353231, 16.843290, 1.133095, 0.054589, 0.002101, 
94.400704, 16.911491, 1.140498, 0.055072, 0.002125, 
94.447845, 16.979791, 1.147933, 0.055557, 0.002148, 
94.494658, 17.048190, 1.155398, 0.056046, 0.002172, 
94.541144, 17.116687, 1.162893, 0.056538, 0.002196, 
94.587305, 17.185283, 1.170420, 0.057033, 0.002221, 
94.633143, 17.253977, 1.177977, 0.057531, 0.002245, 
94.678659, 17.322770, 1.185566, 0.058033, 0.002270, 
94.723856, 17.391660, 1.193185, 0.058537, 0.002295, 
94.768736, 17.460648, 1.200835, 0.059045, 0.002320, 
94.813299, 17.529733, 1.208516, 0.059556, 0.002345, 
94.857549, 17.598916, 1.216229, 0.060070, 0.002371, 
94.901486, 17.668195, 1.223972, 0.060587, 0.002396, 
94.945112, 17.737572, 1.231747, 0.061108, 0.002422, 
94.988430, 17.807045, 1.239553, 0.061632, 0.002448, 
95.031441, 17.876614, 1.247391, 0.062159, 0.002475, 
95.074147, 17.946280, 1.255260, 0.062689, 0.002502, 
95.116549, 18.016042, 1.263160, 0.063223, 0.002528, 
95.158649, 18.085899, 1.271092, 0.063760, 0.002556, 
95.200450, 18.155852, 1.279055, 0.064300, 0.002583, 
95.241952, 18.225901, 1.287050, 0.064844, 0.002610, 
95.283158, 18.296044, 1.295076, 0.065391, 0.002638, 
95.324069, 18.366283, 1.303134, 0.065941, 0.002666, 
95.364687, 18.436616, 1.311224, 0.066495, 0.002694, 
95.405013, 18.507044, 1.319346, 0.067052, 0.002723, 
95.445050, 18.577566, 1.327500, 0.067612, 0.002752, 
95.484798, 18.648183, 1.335685, 0.068176, 0.002781, 
95.524261, 18.718893, 1.343903, 0.068744, 0.002810, 
95.563438, 18.789697, 1.352153, 0.069314, 0.002839, 
95.602333, 18.860594, 1.360434, 0.069889, 0.002869, 
95.640946, 18.931585, 1.368748, 0.070466, 0.002899, 
95.679279, 19.002669, 1.377094, 0.071047, 0.002929, 
95.717334, 19.073846, 1.385472, 0.071632, 0.002959, 
95.755113, 19.145115, 1.393883, 0.072220, 0.002990, 
95.792617, 19.216477, 1.402325, 0.072812, 0.003021, 
95.829847, 19.287932, 1.410801, 0.073407, 0.003052, 
95.866806, 19.359478, 1.419308, 0.074006, 0.003083, 
95.903495, 19.431116, 1.427848, 0.074608, 0.003115, 
95.939915, 19.502846, 1.436421, 0.075214, 0.003147, 
95.976069, 19.574667, 1.445027, 0.075823, 0.003179, 
96.011957, 19.646580, 1.453665, 0.076436, 0.003212, 
96.047581, 19.718583, 1.462335, 0.077053, 0.003244, 
96.082943, 19.790678, 1.471039, 0.077673, 0.003277, 
96.118045, 19.862863, 1.479775, 0.078297, 0.003310, 
96.152887, 19.935138, 1.488544, 0.078925, 0.003344, 
96.187472, 20.007504, 1.497346, 0.079556, 0.003378, 
96.221800, 20.079959, 1.506181, 0.080191, 0.003412, 
96.255874, 20.152505, 1.515050, 0.080829, 0.003446, 
96.289696, 20.225140, 1.523951, 0.081471, 0.003480, 
96.323265, 20.297865, 1.532885, 0.082117, 0.003515, 
96.356585, 20.370678, 1.541853, 0.082767, 0.003550, 
96.389656, 20.443581, 1.550853, 0.083420, 0.003586, 
96.422480, 20.516572, 1.559888, 0.084078, 0.003621, 
96.455059, 20.589653, 1.568955, 0.084738, 0.003657, 
96.487393, 20.662821, 1.578056, 0.085403, 0.003693, 
96.519485, 20.736078, 1.587190, 0.086072, 0.003730, 
96.551336, 20.809422, 1.596358, 0.086744, 0.003767, 
96.582947, 20.882854, 1.605559, 0.087420, 0.003804, 
96.614320, 20.956374, 1.614794, 0.088100, 0.003841, 
96.645457, 21.029981, 1.624063, 0.088784, 0.003879, 
96.676357, 21.103676, 1.633365, 0.089472, 0.003916, 
96.707024, 21.177457, 1.642701, 0.090163, 0.003955, 
96.737458, 21.251325, 1.652071, 0.090859, 0.003993, 
96.767662, 21.325280, 1.661475, 0.091558, 0.004032, 
96.797635, 21.399321, 1.670913, 0.092261, 0.004071, 
96.827380, 21.473448, 1.680385, 0.092968, 0.004110, 
96.856898, 21.547660, 1.689891, 0.093680, 0.004150, 
96.886191, 21.621959, 1.699431, 0.094395, 0.004190, 
96.915260, 21.696343, 1.709005, 0.095114, 0.004230, 
96.944106, 21.770813, 1.718613, 0.095837, 0.004271, 
96.972730, 21.845367, 1.728256, 0.096564, 0.004312, 
97.001134, 21.920007, 1.737933, 0.097295, 0.004353, 
97.029320, 21.994731, 1.747644, 0.098030, 0.004394, 
97.057288, 22.069539, 1.757389, 0.098769, 0.004436, 
97.085040, 22.144432, 1.767169, 0.099512, 0.004478, 
97.112578, 22.219409, 1.776984, 0.100260, 0.004520, 
97.139902, 22.294470, 1.786833, 0.101011, 0.004563, 
97.167014, 22.369614, 1.796717, 0.101766, 0.004606, 
97.193915, 22.444842, 1.806636, 0.102526, 0.004650, 
97.220607, 22.520153, 1.816589, 0.103290, 0.004693, 
97.247091, 22.595547, 1.826577, 0.104057, 0.004737, 
97.273368, 22.671024, 1.836600, 0.104829, 0.004782, 
97.299440, 22.746584, 1.846657, 0.105606, 0.004826, 
97.325307, 22.822226, 1.856750, 0.106386, 0.004871, 
97.350971, 22.897950, 1.866878, 0.107170, 0.004916, 
97.376433, 22.973757, 1.877040, 0.107959, 0.004962, 
97.401695, 23.049645, 1.887238, 0.108752, 0.005008, 
97.426758, 23.125615, 1.897471, 0.109549, 0.005054, 
97.451623, 23.201666, 1.907739, 0.110351, 0.005101, 
97.476291, 23.277798, 1.918043, 0.111156, 0.005148, 
97.500764, 23.354012, 1.928382, 0.111966, 0.005195, 
97.525042, 23.430306, 1.938756, 0.112781, 0.005243, 
97.549127, 23.506681, 1.949165, 0.113599, 0.005291, 
97.573021, 23.583136, 1.959610, 0.114422, 0.005339, 
97.596724, 23.659671, 1.970091, 0.115249, 0.005388, 
97.620238, 23.736286, 1.980607, 0.116081, 0.005437, 
97.643563, 23.812981, 1.991159, 0.116917, 0.005486, 
97.666702, 23.889756, 2.001746, 0.117757, 0.005536, 
97.689654, 23.966610, 2.012369, 0.118602, 0.005586, 
97.712423, 24.043543, 2.023028, 0.119451, 0.005636, 
97.735007, 24.120555, 2.033723, 0.120305, 0.005687, 
97.757410, 24.197646, 2.044454, 0.121163, 0.005738, 
97.779631, 24.274815, 2.055220, 0.122025, 0.005790, 
97.801673, 24.352063, 2.066023, 0.122892, 0.005842, 
97.823535, 24.429388, 2.076862, 0.123764, 0.005894, 
97.845220, 24.506792, 2.087737, 0.124640, 0.005947, 
97.866729, 24.584273, 2.098648, 0.125520, 0.005999, 
97.888062, 24.661832, 2.109595, 0.126405, 0.006053, 
97.909221, 24.739468, 2.120578, 0.127295, 0.006106, 
97.930207, 24.817182, 2.131598, 0.128189, 0.006161, 
97.951022, 24.894972, 2.142654, 0.129087, 0.006215, 
97.971665, 24.972838, 2.153747, 0.129991, 0.006270, 
97.992138, 25.050782, 2.164876, 0.130898, 0.006325, 
98.012443, 25.128801, 2.176042, 0.131811, 0.006381, 
98.032581, 25.206897, 2.187244, 0.132728, 0.006437, 
98.052551, 25.285068, 2.198483, 0.133650, 0.006493, 
98.072357, 25.363315, 2.209758, 0.134576, 0.006550, 
98.091998, 25.441638, 2.221071, 0.135507, 0.006607, 
98.111476, 25.520035, 2.232420, 0.136443, 0.006664, 
98.130792, 25.598508, 2.243806, 0.137383, 0.006722, 
98.149947, 25.677056, 2.255228, 0.138328, 0.006780, 
98.168942, 25.755678, 2.266688, 0.139278, 0.006839, 
98.187778, 25.834374, 2.278185, 0.140233, 0.006898, 
98.206457, 25.913145, 2.289719, 0.141192, 0.006958, 
98.224978, 25.991990, 2.301290, 0.142157, 0.007018, 
98.243343, 26.070908, 2.312898, 0.143125, 0.007078, 
98.261554, 26.149900, 2.324544, 0.144099, 0.007139, 
98.279611, 26.228965, 2.336226, 0.145078, 0.007200, 
98.297516, 26.308104, 2.347946, 0.146061, 0.007261, 
98.315268, 26.387315, 2.359704, 0.147050, 0.007323, 
98.332870, 26.466600, 2.371499, 0.148043, 0.007385, 
98.350322, 26.545956, 2.383331, 0.149041, 0.007448, 
98.367626, 26.625385, 2.395201, 0.150044, 0.007511, 
98.384782, 26.704887, 2.407108, 0.151052, 0.007575, 
98.401791, 26.784460, 2.419053, 0.152064, 0.007639, 
98.418655, 26.864104, 2.431036, 0.153082, 0.007703, 
98.435373, 26.943821, 2.443057, 0.154105, 0.007768, 
98.451948, 27.023608, 2.455115, 0.155133, 0.007834, 
98.468381, 27.103467, 2.467211, 0.156165, 0.007899, 
98.484671, 27.183396, 2.479346, 0.157203, 0.007965, 
98.500821, 27.263396, 2.491518, 0.158246, 0.008032, 
98.516831, 27.343466, 2.503728, 0.159293, 0.008099, 
98.532701, 27.423607, 2.515976, 0.160346, 0.008166, 
98.548434, 27.503818, 2.528263, 0.161404, 0.008234, 
98.564030, 27.584098, 2.540587, 0.162467, 0.008303, 
98.579490, 27.664448, 2.552950, 0.163535, 0.008371, 
98.594814, 27.744868, 2.565351, 0.164608, 0.008441, 
98.610005, 27.825356, 2.577791, 0.165686, 0.008510, 
98.625062, 27.905914, 2.590268, 0.166770, 0.008580, 
98.639986, 27.986540, 2.602785, 0.167858, 0.008651, 
98.654779, 28.067235, 2.615340, 0.168952, 0.008722, 
98.669442, 28.147998, 2.627933, 0.170051, 0.008793, 
98.683975, 28.228830, 2.640565, 0.171155, 0.008865, 
98.698379, 28.309729, 2.653236, 0.172264, 0.008938, 
98.712655, 28.390696, 2.665945, 0.173379, 0.009011, 
98.726804, 28.471730, 2.678693, 0.174499, 0.009084, 
98.740827, 28.552832, 2.691480, 0.175624, 0.009158, 
98.754725, 28.634000, 2.704306, 0.176755, 0.009232, 
98.768499, 28.715236, 2.717171, 0.177890, 0.009307, 
98.782149, 28.796538, 2.730075, 0.179031, 0.009382, 
98.795676, 28.877907, 2.743017, 0.180178, 0.009458, 
98.809082, 28.959341, 2.755999, 0.181329, 0.009534, 
98.822366, 29.040842, 2.769020, 0.182486, 0.009610, 
98.835531, 29.122409, 2.782081, 0.183649, 0.009688, 
98.848576, 29.204041, 2.795180, 0.184817, 0.009765, 
98.861503, 29.285738, 2.808319, 0.185990, 0.009843, 
98.874313, 29.367501, 2.821497, 0.187169, 0.009922, 
98.887006, 29.449328, 2.834715, 0.188353, 0.010001, 
98.899583, 29.531220, 2.847972, 0.189542, 0.010080, 
98.912045, 29.613177, 2.861268, 0.190737, 0.010160, 
98.924393, 29.695198, 2.874605, 0.191938, 0.010241, 
98.936627, 29.777283, 2.887980, 0.193144, 0.010322, 
98.948749, 29.859432, 2.901396, 0.194356, 0.010404, 
98.960759, 29.941644, 2.914851, 0.195573, 0.010486, 
98.972658, 30.023920, 2.928346, 0.196795, 0.010568, 
98.984447, 30.106259, 2.941881, 0.198024, 0.010651, 
98.996126, 30.188661, 2.955456, 0.199257, 0.010735, 
99.007697, 30.271126, 2.969071, 0.200497, 0.010819, 
99.019160, 30.353654, 2.982725, 0.201742, 0.010904, 
99.030516, 30.436243, 2.996420, 0.202993, 0.010989, 
99.041766, 30.518895, 3.010155, 0.204249, 0.011074, 
99.052910, 30.601609, 3.023930, 0.205511, 0.011161, 
99.063950, 30.684384, 3.037746, 0.206779, 0.011247, 
99.074885, 30.767221, 3.051601, 0.208052, 0.011334, 
99.085718, 30.850120, 3.065497, 0.209331, 0.011422, 
99.096448, 30.933079, 3.079434, 0.210616, 0.011511, 
99.107076, 31.016099, 3.093410, 0.211907, 0.011599, 
99.117604, 31.099179, 3.107428, 0.213203, 0.011689, 
99.128031, 31.182320, 3.121485, 0.214505, 0.011779, 
99.138359, 31.265521, 3.135584, 0.215813, 0.011869, 
99.148588, 31.348782, 3.149723, 0.217127, 0.011960, 
99.158719, 31.432103, 3.163903, 0.218446, 0.012052, 
99.168753, 31.515484, 3.178123, 0.219772, 0.012144, 
99.178691, 31.598923, 3.192385, 0.221103, 0.012236, 
99.188532, 31.682422, 3.206687, 0.222440, 0.012329, 
99.198279, 31.765979, 3.221030, 0.223783, 0.012423, 
99.207931, 31.849595, 3.235414, 0.225132, 0.012517, 
99.217490, 31.933270, 3.249840, 0.226487, 0.012612, 
99.226955, 32.017002, 3.264306, 0.227848, 0.012708, 
99.236328, 32.100793, 3.278813, 0.229215, 0.012804, 
99.245610, 32.184641, 3.293362, 0.230588, 0.012900, 
99.254801, 32.268547, 3.307952, 0.231967, 0.012997, 
99.263902, 32.352510, 3.322583, 0.233351, 0.013095, 
99.272913, 32.436530, 3.337256, 0.234742, 0.013193, 
99.281835, 32.520608, 3.351970, 0.236139, 0.013292, 
99.290669, 32.604741, 3.366725, 0.237542, 0.013391, 
99.299416, 32.688931, 3.381522, 0.238951, 0.013491, 
99.308076, 32.773178, 3.396361, 0.240366, 0.013592, 
99.316650, 32.857480, 3.411241, 0.241788, 0.013693, 
99.325138, 32.941838, 3.426163, 0.243215, 0.013795, 
99.333541, 33.026251, 3.441126, 0.244649, 0.013897, 
99.341861, 33.110720, 3.456132, 0.246088, 0.014000, 
99.350096, 33.195244, 3.471179, 0.247534, 0.014104, 
99.358249, 33.279822, 3.486268, 0.248986, 0.014208, 
99.366320, 33.364455, 3.501400, 0.250444, 0.014312, 
99.374309, 33.449143, 3.516573, 0.251909, 0.014418, 
99.382217, 33.533885, 3.531788, 0.253380, 0.014524, 
99.390045, 33.618680, 3.547045, 0.254857, 0.014630, 
99.397793, 33.703530, 3.562345, 0.256340, 0.014737, 
99.405462, 33.788433, 3.577687, 0.257830, 0.014845, 
99.413053, 33.873389, 3.593071, 0.259326, 0.014954, 
99.420566, 33.958398, 3.608497, 0.260828, 0.015063, 
99.428001, 34.043460, 3.623966, 0.262337, 0.015172, 
99.435360, 34.128574, 3.639477, 0.263852, 0.015282, 
99.442643, 34.213741, 3.655031, 0.265373, 0.015393, 
99.449851, 34.298960, 3.670628, 0.266901, 0.015505, 
99.456983, 34.384231, 3.686267, 0.268435, 0.015617, 
99.464042, 34.469553, 3.701948, 0.269976, 0.015730, 
99.471027, 34.554927, 3.717673, 0.271523, 0.015843, 
99.477939, 34.640352, 3.733440, 0.273076, 0.015957, 
99.484778, 34.725828, 3.749250, 0.274636, 0.016072, 
99.491546, 34.811355, 3.765103, 0.276203, 0.016187, 
99.498242, 34.896932, 3.780999, 0.277776, 0.016303, 
99.504868, 34.982559, 3.796938, 0.279356, 0.016420, 
99.511423, 35.068237, 3.812919, 0.280942, 0.016537, 
99.517909, 35.153964, 3.828945, 0.282535, 0.016655, 
99.524326, 35.239741, 3.845013, 0.284134, 0.016774, 
99.530675, 35.325567, 3.861124, 0.285740, 0.016893, 
99.536956, 35.411443, 3.877279, 0.287353, 0.017013, 
99.543169, 35.497367, 3.893477, 0.288972, 0.017134, 
99.549316, 35.583340, 3.909718, 0.290598, 0.017255, 
99.555396, 35.669361, 3.926003, 0.292231, 0.017377, 
99.561411, 35.755431, 3.942332, 0.293870, 0.017499, 
99.567360, 35.841548, 3.958704, 0.295516, 0.017623, 
99.573245, 35.927713, 3.975119, 0.297169, 0.017747, 
99.579066, 36.013926, 3.991578, 0.298828, 0.017871, 
99.584824, 36.100186, 4.008081, 0.300495, 0.017997, 
99.590518, 36.186493, 4.024628, 0.302168, 0.018123, 
99.596150, 36.272846, 4.041219, 0.303848, 0.018249, 
99.601720, 36.359246, 4.057853, 0.305534, 0.018377, 
99.607229, 36.445693, 4.074532, 0.307228, 0.018505, 
99.612676, 36.532185, 4.091254, 0.308928, 0.018634, 
99.618064, 36.618724, 4.108020, 0.310636, 0.018763, 
99.623391, 36.705308, 4.124831, 0.312350, 0.018893, 
99.628659, 36.791937, 4.141686, 0.314071, 0.019024, 
99.633868, 36.878611, 4.158585, 0.315799, 0.019156, 
99.639019, 36.965330, 4.175528, 0.317534, 0.019288, 
99.644112, 37.052094, 4.192515, 0.319276, 0.019421, 
99.649148, 37.138902, 4.209547, 0.321025, 0.019555, 
99.654126, 37.225755, 4.226624, 0.322781, 0.019689, 
99.659049, 37.312651, 4.243745, 0.324544, 0.019825, 
99.663915, 37.399591, 4.260910, 0.326314, 0.019961, 
99.668726, 37.486574, 4.278120, 0.328091, 0.020097, 
99.673482, 37.573601, 4.295375, 0.329875, 0.020235, 
99.678183, 37.660670, 4.312674, 0.331666, 0.020373, 
99.682831, 37.747782, 4.330019, 0.333465, 0.020512, 
99.687425, 37.834937, 4.347408, 0.335270, 0.020651, 
99.691966, 37.922134, 4.364842, 0.337083, 0.020792, 
99.696454, 38.009373, 4.382320, 0.338903, 0.020933, 
99.700890, 38.096653, 4.399844, 0.340730, 0.021074, 
99.705275, 38.183975, 4.417413, 0.342564, 0.021217, 
99.709608, 38.271338, 4.435027, 0.344405, 0.021360, 
99.713890, 38.358743, 4.452687, 0.346254, 0.021505, 
99.718123, 38.446188, 4.470391, 0.348110, 0.021649, 
99.722305, 38.533673, 4.488141, 0.349973, 0.021795, 
99.726438, 38.621199, 4.505936, 0.351843, 0.021941, 
99.730522, 38.708765, 4.523776, 0.353721, 0.022089, 
99.734557, 38.796370, 4.541662, 0.355606, 0.022237, 
99.738545, 38.884015, 4.559594, 0.357499, 0.022385, 
99.742484, 38.971700, 4.577571, 0.359399, 0.022535, 
99.746377, 39.059423, 4.595593, 0.361306, 0.022685, 
99.750222, 39.147185, 4.613662, 0.363221, 0.022836, 
99.754021, 39.234986, 4.631776, 0.365143, 0.022988, 
99.757775, 39.322825, 4.649935, 0.367072, 0.023141, 
99.761482, 39.410701, 4.668141, 0.369009, 0.023294, 
99.765145, 39.498616, 4.686392, 0.370954, 0.023448, 
99.768763, 39.586568, 4.704690, 0.372906, 0.023603, 
99.772336, 39.674558, 4.723033, 0.374865, 0.023759, 
99.775866, 39.762584, 4.741423, 0.376832, 0.023916, 
99.779352, 39.850648, 4.759859, 0.378807, 0.024073, 
99.782795, 39.938747, 4.778341, 0.380789, 0.024231, 
99.786195, 40.026884, 4.796869, 0.382779, 0.024390, 
99.789553, 40.115056, 4.815443, 0.384776, 0.024550, 
99.792870, 40.203263, 4.834064, 0.386781, 0.024711, 
99.796144, 40.291507, 4.852731, 0.388794, 0.024873, 
99.799378, 40.379785, 4.871445, 0.390814, 0.025035, 
99.802571, 40.468099, 4.890205, 0.392842, 0.025198, 
99.805724, 40.556447, 4.909011, 0.394878, 0.025362, 
99.808836, 40.644830, 4.927865, 0.396921, 0.025527, 
99.811909, 40.733247, 4.946765, 0.398973, 0.025693, 
99.814943, 40.821698, 4.965712, 0.401032, 0.025859, 
99.817938, 40.910183, 4.984705, 0.403098, 0.026027, 
99.820895, 40.998701, 5.003746, 0.405173, 0.026195, 
99.823813, 41.087252, 5.022833, 0.407255, 0.026364, 
99.826694, 41.175837, 5.041967, 0.409346, 0.026534, 
99.829538, 41.264454, 5.061149, 0.411444, 0.026705, 
99.832344, 41.353103, 5.080377, 0.413550, 0.026876, 
99.835114, 41.441785, 5.099653, 0.415664, 0.027049, 
99.837848, 41.530498, 5.118976, 0.417785, 0.027222, 
99.840546, 41.619243, 5.138346, 0.419915, 0.027396, 
99.843208, 41.708020, 5.157763, 0.422053, 0.027572, 
99.845835, 41.796827, 5.177228, 0.424198, 0.027748, 
99.848427, 41.885666, 5.196740, 0.426352, 0.027924, 
99.850985, 41.974535, 5.216299, 0.428514, 0.028102, 
99.853508, 42.063434, 5.235907, 0.430683, 0.028281, 
99.855998, 42.152364, 5.255561, 0.432861, 0.028460, 
99.858454, 42.241323, 5.275264, 0.435047, 0.028641, 
99.860877, 42.330312, 5.295014, 0.437241, 0.028822, 
99.863267, 42.419330, 5.314812, 0.439443, 0.029004, 
99.865625, 42.508377, 5.334658, 0.441653, 0.029187, 
99.867951, 42.597453, 5.354551, 0.443872, 0.029371, 
99.870245, 42.686557, 5.374493, 0.446098, 0.029556, 
99.872507, 42.775690, 5.394482, 0.448333, 0.029742, 
99.874738, 42.864850, 5.414520, 0.450576, 0.029929, 
99.876938, 42.954039, 5.434606, 0.452827, 0.030117, 
99.879108, 43.043254, 5.454740, 0.455086, 0.030305, 
99.881247, 43.132497, 5.474922, 0.457354, 0.030495, 
99.883357, 43.221766, 5.495152, 0.459630, 0.030685, 
99.885437, 43.311063, 5.515431, 0.461914, 0.030877, 
99.887488, 43.400385, 5.535758, 0.464207, 0.031069, 
99.889510, 43.489734, 5.556134, 0.466508, 0.031262, 
99.891503, 43.579108, 5.576558, 0.468817, 0.031456, 
99.893467, 43.668508, 5.597030, 0.471135, 0.031652, 
99.895404, 43.757933, 5.617552, 0.473461, 0.031848, 
99.897313, 43.847383, 5.638122, 0.475796, 0.032045, 
99.899194, 43.936858, 5.658741, 0.478139, 0.032243, 
99.901048, 44.026357, 5.679408, 0.480490, 0.032442, 
99.902876, 44.115880, 5.700124, 0.482850, 0.032642, 
99.904676, 44.205428, 5.720890, 0.485219, 0.032842, 
99.906451, 44.294998, 5.741704, 0.487596, 0.033044, 
99.908199, 44.384593, 5.762567, 0.489981, 0.033247, 
99.909922, 44.474210, 5.783480, 0.492376, 0.033451, 
99.911619, 44.563850, 5.804441, 0.494778, 0.033656, 
99.913291, 44.653512, 5.825452, 0.497190, 0.033861, 
99.914938, 44.743197, 5.846512, 0.499610, 0.034068, 
99.916560, 44.832904, 5.867621, 0.502038, 0.034276, 
99.918158, 44.922632, 5.888780, 0.504476, 0.034485, 
99.919732, 45.012381, 5.909988, 0.506922, 0.034694, 
99.921282, 45.102152, 5.931246, 0.509376, 0.034905, 
99.922808, 45.191944, 5.952553, 0.511840, 0.035117, 
99.924312, 45.281756, 5.973910, 0.514312, 0.035330, 
99.925792, 45.371588, 5.995316, 0.516793, 0.035543, 
99.927249, 45.461441, 6.016772, 0.519283, 0.035758, 
99.928684, 45.551313, 6.038278, 0.521782, 0.035974, 
99.930097, 45.641204, 6.059834, 0.524289, 0.036191, 
99.931487, 45.731115, 6.081440, 0.526805, 0.036408, 
99.932856, 45.821044, 6.103095, 0.529331, 0.036627, 
99.934204, 45.910992, 6.124801, 0.531865, 0.036847, 
99.935530, 46.000959, 6.146557, 0.534408, 0.037068, 
99.936835, 46.090943, 6.168363, 0.536960, 0.037290, 
99.938119, 46.180945, 6.190219, 0.539521, 0.037513, 
99.939383, 46.270964, 6.212125, 0.542090, 0.037737, 
99.940627, 46.361001, 6.234082, 0.544669, 0.037962, 
99.941850, 46.451054, 6.256088, 0.547257, 0.038188, 
99.943054, 46.541124, 6.278146, 0.549854, 0.038415, 
99.944238, 46.631210, 6.300254, 0.552460, 0.038644, 
99.945403, 46.721312, 6.322412, 0.555075, 0.038873, 
99.946549, 46.811430, 6.344621, 0.557700, 0.039103, 
99.947676, 46.901563, 6.366881, 0.560333, 0.039335, 
99.948784, 46.991712, 6.389191, 0.562976, 0.039567, 
99.949874, 47.081875, 6.411552, 0.565627, 0.039801, 
99.950946, 47.172052, 6.433964, 0.568288, 0.040035, 
99.951999, 47.262244, 6.456427, 0.570958, 0.040271, 
99.953035, 47.352450, 6.478940, 0.573638, 0.040508, 
99.954054, 47.442669, 6.501505, 0.576326, 0.040746, 
99.955055, 47.532902, 6.524121, 0.579024, 0.040985, 
99.956039, 47.623148, 6.546788, 0.581731, 0.041225, 
99.957006, 47.713406, 6.569506, 0.584448, 0.041466, 
99.957956, 47.803678, 6.592275, 0.587174, 0.041709, 
99.958890, 47.893961, 6.615096, 0.589909, 0.041952, 
99.959808, 47.984256, 6.637967, 0.592653, 0.042197, 
99.960710, 48.074562, 6.660891, 0.595407, 0.042442, 
99.961596, 48.164880, 6.683866, 0.598171, 0.042689, 
99.962466, 48.255209, 6.706892, 0.600944, 0.042937, 
99.963321, 48.345549, 6.729970, 0.603726, 0.043186, 
99.964160, 48.435898, 6.753099, 0.606518, 0.043436, 
99.964985, 48.526258, 6.776280, 0.609319, 0.043688, 
99.965794, 48.616628, 6.799513, 0.612130, 0.043940, 
99.966589, 48.707007, 6.822798, 0.614950, 0.044194, 
99.967370, 48.797396, 6.846135, 0.617780, 0.044448, 
99.968136, 48.887793, 6.869524, 0.620620, 0.044704, 
99.968889, 48.978198, 6.892964, 0.623469, 0.044961, 
99.969627, 49.068612, 6.916457, 0.626328, 0.045220, 
99.970352, 49.159034, 6.940001, 0.629196, 0.045479, 
99.971063, 49.249464, 6.963598, 0.632075, 0.045739, 
99.971761, 49.339901, 6.987247, 0.634962, 0.046001, 
99.972445, 49.430345, 7.010949, 0.637860, 0.046264, 
99.973117, 49.520795, 7.034703, 0.640768, 0.046528, 
99.973776, 49.611252, 7.058509, 0.643685, 0.046793, 
99.974422, 49.701716, 7.082367, 0.646612, 0.047060, 
99.975056, 49.792184, 7.106279, 0.649548, 0.047327, 
99.975678, 49.882659, 7.130242, 0.652495, 0.047596, 
99.976287, 49.973138, 7.154259, 0.655451, 0.047866, 
99.976885, 50.063623, 7.178328, 0.658418, 0.048137, 
99.977471, 50.154112, 7.202449, 0.661394, 0.048410, 
99.978045, 50.244605, 7.226624, 0.664380, 0.048684, 
99.978608, 50.335102, 7.250851, 0.667376, 0.048958, 
99.979160, 50.425603, 7.275132, 0.670383, 0.049234, 
99.979700, 50.516107, 7.299465, 0.673399, 0.049512, 
99.980230, 50.606614, 7.323851, 0.676425, 0.049790, 
99.980749, 50.697124, 7.348291, 0.679461, 0.050070, 
99.981257, 50.787636, 7.372783, 0.682507, 0.050351, 
99.981755, 50.878150, 7.397329, 0.685563, 0.050633, 
99.982242, 50.968666, 7.421928, 0.688630, 0.050917, 
99.982719, 51.059184, 7.446581, 0.691706, 0.051201, 
99.983187, 51.149702, 7.471287, 0.694793, 0.051487, 
99.983644, 51.240221, 7.496046, 0.697890, 0.051774, 
99.984092, 51.330741, 7.520859, 0.700997, 0.052063, 
99.984530, 51.421260, 7.545725, 0.704114, 0.052352, 
99.984959, 51.511780, 7.570645, 0.707242, 0.052643, 
99.985378, 51.602299, 7.595619, 0.710380, 0.052936, 
99.985789, 51.692817, 7.620647, 0.713528, 0.053229, 
99.986190, 51.783334, 7.645728, 0.716686, 0.053524, 
99.986583, 51.873850, 7.670863, 0.719855, 0.053820, 
99.986967, 51.964364, 7.696052, 0.723034, 0.054117, 
99.987343, 52.054875, 7.721295, 0.726223, 0.054416, 
99.987710, 52.145384, 7.746592, 0.729423, 0.054716, 
99.988068, 52.235891, 7.771943, 0.732633, 0.055017, 
99.988419, 52.326394, 7.797349, 0.735854, 0.055320, 
99.988762, 52.416894, 7.822808, 0.739085, 0.055624, 
99.989096, 52.507390, 7.848322, 0.742327, 0.055929, 
99.989423, 52.597882, 7.873890, 0.745579, 0.056235, 
99.989743, 52.688370, 7.899513, 0.748842, 0.056543, 
99.990055, 52.778853, 7.925189, 0.752115, 0.056852, 
99.990359, 52.869331, 7.950921, 0.755399, 0.057162, 
99.990656, 52.959803, 7.976707, 0.758693, 0.057474, 
99.990946, 53.050270, 8.002548, 0.761998, 0.057787, 
99.991230, 53.140731, 8.028443, 0.765314, 0.058102, 
99.991506, 53.231185, 8.054393, 0.768640, 0.058418, 
99.991775, 53.321633, 8.080398, 0.771978, 0.058735, 
99.992038, 53.412073, 8.106458, 0.775325, 0.059053, 
99.992295, 53.502506, 8.132572, 0.778684, 0.059373, 
99.992545, 53.592932, 8.158742, 0.782053, 0.059694, 
99.992788, 53.683349, 8.184967, 0.785433, 0.060017, 
99.993026, 53.773758, 8.211247, 0.788824, 0.060341, 
99.993257, 53.864158, 8.237581, 0.792226, 0.060666, 
99.993483, 53.954549, 8.263972, 0.795639, 0.060993, 
99.993702, 54.044931, 8.290417, 0.799062, 0.061321, 
99.993916, 54.135303, 8.316918, 0.802497, 0.061650, 
99.994125, 54.225665, 8.343474, 0.805942, 0.061981, 
99.994327, 54.316016, 8.370085, 0.809399, 0.062313, 
99.994525, 54.406357, 8.396752, 0.812866, 0.062647, 
99.994717, 54.496687, 8.423475, 0.816344, 0.062982, 
99.994903, 54.587005, 8.450253, 0.819834, 0.063318, 
99.995085, 54.677311, 8.477087, 0.823334, 0.063656, 
99.995262, 54.767606, 8.503977, 0.826845, 0.063995, 
99.995433, 54.857888, 8.530922, 0.830368, 0.064336, 
99.995600, 54.948157, 8.557924, 0.833902, 0.064678, 
99.995762, 55.038412, 8.584981, 0.837446, 0.065022, 
99.995920, 55.128655, 8.612094, 0.841002, 0.065367, 
99.996073, 55.218883, 8.639263, 0.844570, 0.065713, 
99.996222, 55.309098, 8.666489, 0.848148, 0.066061, 
99.996366, 55.399297, 8.693770, 0.851738, 0.066410, 
99.996506, 55.489482, 8.721108, 0.855339, 0.066761, 
99.996642, 55.579652, 8.748502, 0.858951, 0.067113, 
99.996773, 55.669806, 8.775952, 0.862574, 0.067467, 
99.996901, 55.759944, 8.803459, 0.866209, 0.067822, 
99.997025, 55.850066, 8.831022, 0.869856, 0.068178, 
99.997145, 55.940171, 8.858641, 0.873513, 0.068536, 
99.997261, 56.030259, 8.886317, 0.877182, 0.068896, 
99.997374, 56.120330, 8.914050, 0.880863, 0.069257, 
99.997483, 56.210383, 8.941839, 0.884555, 0.069620, 
99.997588, 56.300418, 8.969686, 0.888258, 0.069984, 
99.997690, 56.390435, 8.997589, 0.891973, 0.070349, 
99.997789, 56.480433, 9.025548, 0.895699, 0.070716, 
99.997885, 56.570412, 9.053565, 0.899437, 0.071085, 
99.997977, 56.660372, 9.081639, 0.903187, 0.071455, 
99.998066, 56.750311, 9.109769, 0.906948, 0.071826, 
99.998152, 56.840231, 9.137957, 0.910721, 0.072199, 
99.998235, 56.930130, 9.166202, 0.914505, 0.072574, 
99.998316, 57.020008, 9.194504, 0.918302, 0.072950, 
99.998393, 57.109865, 9.222863, 0.922109, 0.073327, 
99.998468, 57.199700, 9.251280, 0.925929, 0.073707, 
99.998540, 57.289513, 9.279754, 0.929760, 0.074087, 
99.998609, 57.379304, 9.308285, 0.933603, 0.074469, 
99.998676, 57.469072, 9.336874, 0.937458, 0.074853, 
99.998741, 57.558817, 9.365521, 0.941325, 0.075239, 
99.998803, 57.648539, 9.394225, 0.945204, 0.075626, 
99.998862, 57.738237, 9.422986, 0.949094, 0.076014, 
99.998920, 57.827911, 9.451806, 0.952997, 0.076404, 
99.998975, 57.917560, 9.480683, 0.956911, 0.076796, 
99.999028, 58.007185, 9.509618, 0.960837, 0.077189, 
99.999078, 58.096784, 9.538611, 0.964775, 0.077584, 
99.999127, 58.186358, 9.567662, 0.968726, 0.077980, 
99.999174, 58.275906, 9.596770, 0.972688, 0.078378, 
99.999219, 58.365427, 9.625937, 0.976662, 0.078777, 
99.999262, 58.454922, 9.655162, 0.980649, 0.079179, 
99.999303, 58.544389, 9.684446, 0.984647, 0.079581, 
99.999342, 58.633830, 9.713787, 0.988658, 0.079986, 
99.999380, 58.723242, 9.743187, 0.992681, 0.080392, 
99.999416, 58.812626, 9.772645, 0.996716, 0.080799, 
99.999450, 58.901982, 9.802161, 1.000763, 0.081209, 
99.999483, 58.991309, 9.831736, 1.004822, 0.081619, 
99.999514, 59.080606, 9.861370, 1.008894, 0.082032, 
99.999544, 59.169874, 9.891062, 1.012978, 0.082446, 
99.999573, 59.259112, 9.920812, 1.017074, 0.082862, 
99.999600, 59.348320, 9.950622, 1.021183, 0.083279, 
99.999625, 59.437496, 9.980490, 1.025304, 0.083698, 
99.999650, 59.526642, 10.010417, 1.029437, 0.084119, 
99.999673, 59.615756, 10.040403, 1.033583, 0.084542, 
99.999695, 59.704838, 10.070447, 1.037741, 0.084966, 
99.999716, 59.793888, 10.100551, 1.041911, 0.085391, 
99.999736, 59.882905, 10.130714, 1.046094, 0.085819, 
99.999755, 59.971889, 10.160936, 1.050290, 0.086248, 
99.999772, 60.060840, 10.191217, 1.054498, 0.086679, 
99.999789, 60.149757, 10.221557, 1.058719, 0.087111, 
99.999805, 60.238640, 10.251956, 1.062952, 0.087546, 
99.999820, 60.327488, 10.282415, 1.067198, 0.087981, 
99.999834, 60.416301, 10.312933, 1.071457, 0.088419, 
99.999847, 60.505079, 10.343511, 1.075728, 0.088858, 
99.999859, 60.593822, 10.374148, 1.080012, 0.089299, 
99.999871, 60.682528, 10.404844, 1.084309, 0.089742, 
99.999882, 60.771198, 10.435600, 1.088618, 0.090187, 
99.999892, 60.859831, 10.466416, 1.092940, 0.090633, 
99.999901, 60.948427, 10.497292, 1.097275, 0.091081, 
99.999910, 61.036985, 10.528227, 1.101623, 0.091531, 
99.999918, 61.125505, 10.559222, 1.105984, 0.091982, 
99.999926, 61.213987, 10.590277, 1.110357, 0.092435, 
99.999933, 61.302430, 10.621392, 1.114743, 0.092890, 
99.999939, 61.390834, 10.652567, 1.119143, 0.093347, 
99.999946, 61.479199, 10.683802, 1.123555, 0.093805, 
99.999951, 61.567523, 10.715097, 1.127980, 0.094266, 
99.999956, 61.655807, 10.746452, 1.132419, 0.094728, 
99.999961, 61.744051, 10.777868, 1.136870, 0.095192, 
99.999965, 61.832253, 10.809344, 1.141334, 0.095657, 
99.999969, 61.920414, 10.840880, 1.145812, 0.096125, 
99.999973, 62.008533, 10.872476, 1.150303, 0.096594, 
99.999976, 62.096610, 10.904133, 1.154806, 0.097065, 
99.999979, 62.184645, 10.935850, 1.159323, 0.097538, 
99.999982, 62.272636, 10.967628, 1.163853, 0.098012, 
99.999984, 62.360584, 10.999467, 1.168397, 0.098489, 
99.999986, 62.448488, 11.031366, 1.172953, 0.098967, 
99.999988, 62.536347, 11.063326, 1.177523, 0.099447, 
99.999990, 62.624162, 11.095347, 1.182106, 0.099929, 
99.999992, 62.711933, 11.127428, 1.186703, 0.100413, 
99.999993, 62.799657, 11.159571, 1.191313, 0.100899, 
99.999994, 62.887336, 11.191774, 1.195936, 0.101386, 
99.999995, 62.974969, 11.224038, 1.200572, 0.101876, 
99.999996, 63.062555, 11.256364, 1.205223, 0.102367, 
99.999997, 63.150095, 11.288750, 1.209886, 0.102860, 
99.999997, 63.237587, 11.321198, 1.214563, 0.103355, 
99.999998, 63.325031, 11.353706, 1.219254, 0.103852, 
99.999998, 63.412427, 11.386277, 1.223958, 0.104350, 
99.999999, 63.499774, 11.418908, 1.228675, 0.104851, 
99.999999, 63.587073, 11.451601, 1.233407, 0.105354, 
99.999999, 63.674322, 11.484355, 1.238152, 0.105858, 
100.000000, 63.761521, 11.517170, 1.242910, 0.106364, 
100.000000, 63.848670, 11.550048, 1.247682, 0.106872, 
100.000000, 63.935769, 11.582986, 1.252468, 0.107383, 
100.000000, 64.022817, 11.615987, 1.257268, 0.107895, 
100.000000, 64.109813, 11.649049, 1.262082, 0.108409, 
100.000000, 64.196757, 11.682173, 1.266909, 0.108924, 
100.000000, 64.283650, 11.715358, 1.271750, 0.109442, 
100.000000, 64.370490, 11.748606, 1.276605, 0.109962, 
100.000000, 64.457276, 11.781915, 1.281474, 0.110484, 
100.000000, 64.544010, 11.815287, 1.286356, 0.111007, 
100.000000, 64.630690, 11.848720, 1.291253, 0.111533, 
100.000000, 64.717315, 11.882216, 1.296164, 0.112061, 
100.000000, 64.803886, 11.915773, 1.301088, 0.112590, 
100.000000, 64.890402, 11.949393, 1.306027, 0.113122, 
100.000000, 64.976862, 11.983075, 1.310980, 0.113655, 
100.000000, 65.063267, 12.016819, 1.315946, 0.114191, 
100.000000, 65.149616, 12.050626, 1.320927, 0.114728, 
100.000000, 65.235907, 12.084495, 1.325922, 0.115268, 
100.000000, 65.322142, 12.118426, 1.330931, 0.115809, 
100.000000, 65.408320, 12.152420, 1.335955, 0.116353, 
100.000000, 65.494439, 12.186476, 1.340992, 0.116898, 
100.000000, 65.580501, 12.220595, 1.346044, 0.117446, 
100.000000, 65.666503, 12.254777, 1.351110, 0.117995, 
100.000000, 65.752447, 12.289021, 1.356190, 0.118547, 
100.000000, 65.838331, 12.323328, 1.361285, 0.119101, 
99.999999, 65.924155, 12.357698, 1.366394, 0.119656, 
99.999999, 66.009919, 12.392131, 1.371517, 0.120214, 
99.999999, 66.095623, 12.426626, 1.376655, 0.120774, 
99.999998, 66.181265, 12.461185, 1.381807, 0.121335, 
99.999998, 66.266845, 12.495806, 1.386974, 0.121899, 
99.999998, 66.352364, 12.530491, 1.392155, 0.122465, 
99.999997, 66.437820, 12.565239, 1.397351, 0.123033, 
99.999996, 66.523214, 12.600049, 1.402562, 0.123603, 
99.999995, 66.608544, 12.634924, 1.407786, 0.124176, 
99.999994, 66.693811, 12.669861, 1.413026, 0.124750, 
99.999993, 66.779014, 12.704861, 1.418280, 0.125326, 
99.999992, 66.864152, 12.739925, 1.423549, 0.125905, 
99.999991, 66.949226, 12.775053, 1.428832, 0.126485, 
99.999989, 67.034234, 12.810244, 1.434131, 0.127068, 
99.999987, 67.119177, 12.845498, 1.439444, 0.127653, 
99.999985, 67.204054, 12.880816, 1.444771, 0.128240, 
99.999983, 67.288864, 12.916197, 1.450114, 0.128829, 
99.999981, 67.373607, 12.951642, 1.455472, 0.129420, 
99.999978, 67.458283, 12.987151, 1.460844, 0.130013, 
99.999975, 67.542891, 13.022724, 1.466231, 0.130609, 
99.999972, 67.627431, 13.058360, 1.471633, 0.131207, 
99.999968, 67.711902, 13.094060, 1.477050, 0.131806, 
99.999964, 67.796305, 13.129824, 1.482482, 0.132408, 
99.999960, 67.880638, 13.165653, 1.487930, 0.133012, 
99.999956, 67.964901, 13.201545, 1.493392, 0.133619, 
99.999951, 68.049094, 13.237501, 1.498869, 0.134227, 
99.999945, 68.133217, 13.273521, 1.504361, 0.134838, 
99.999940, 68.217268, 13.309605, 1.509869, 0.135451, 
99.999934, 68.301248, 13.345754, 1.515392, 0.136066, 
99.999927, 68.385156, 13.381966, 1.520929, 0.136683, 
99.999920, 68.468992, 13.418243, 1.526483, 0.137303, 
99.999912, 68.552755, 13.454585, 1.532051, 0.137925, 
99.999904, 68.636445, 13.490990, 1.537635, 0.138549, 
99.999895, 68.720061, 13.527461, 1.543233, 0.139175, 
99.999886, 68.803603, 13.563995, 1.548848, 0.139803, 
99.999876, 68.887071, 13.600594, 1.554477, 0.140434, 
99.999866, 68.970464, 13.637258, 1.560123, 0.141067, 
99.999854, 69.053782, 13.673986, 1.565783, 0.141702, 
99.999843, 69.137024, 13.710779, 1.571459, 0.142340, 
99.999830, 69.220190, 13.747637, 1.577150, 0.142979, 
99.999817, 69.303279, 13.784559, 1.582857, 0.143621, 
99.999803, 69.386292, 13.821546, 1.588580, 0.144266, 
99.999788, 69.469227, 13.858598, 1.594318, 0.144912, 
99.999773, 69.552085, 13.895715, 1.600072, 0.145561, 
99.999756, 69.634864, 13.932897, 1.605841, 0.146212, 
99.999739, 69.717565, 13.970144, 1.611626, 0.146866, 
99.999721, 69.800187, 14.007456, 1.617427, 0.147521, 
99.999702, 69.882729, 14.044832, 1.623244, 0.148179, 
99.999682, 69.965191, 14.082274, 1.629076, 0.148840, 
99.999661, 70.047574, 14.119782, 1.634924, 0.149503, 
99.999639, 70.129875, 14.157354, 1.640788, 0.150168, 
99.999616, 70.212095, 14.194991, 1.646668, 0.150835, 
99.999592, 70.294234, 14.232694, 1.652563, 0.151505, 
99.999566, 70.376291, 14.270462, 1.658475, 0.152177, 
99.999540, 70.458266, 14.308296, 1.664402, 0.152851, 
99.999513, 70.540157, 14.346195, 1.670346, 0.153528, 
99.999484, 70.621966, 14.384159, 1.676305, 0.154207, 
99.999454, 70.703691, 14.422189, 1.682281, 0.154889, 
99.999423, 70.785331, 14.460284, 1.688273, 0.155573, 
99.999391, 70.866888, 14.498445, 1.694280, 0.156259, 
99.999357, 70.948359, 14.536672, 1.700304, 0.156948, 
99.999322, 71.029745, 14.574964, 1.706344, 0.157639, 
99.999285, 71.111046, 14.613322, 1.712401, 0.158333, 
99.999247, 71.192260, 14.651746, 1.718473, 0.159029, 
99.999208, 71.273388, 14.690235, 1.724562, 0.159727, 
99.999167, 71.354428, 14.728791, 1.730667, 0.160428, 
99.999125, 71.435382, 14.767412, 1.736788, 0.161131, 
99.999081, 71.516247, 14.806099, 1.742926, 0.161837, 
99.999035, 71.597024, 14.844852, 1.749080, 0.162545, 
99.998988, 71.677713, 14.883671, 1.755250, 0.163256, 
99.998939, 71.758312, 14.922556, 1.761437, 0.163969, 
99.998888, 71.838822, 14.961508, 1.767640, 0.164685, 
99.998836, 71.919242, 15.000525, 1.773860, 0.165403, 
99.998782, 71.999572, 15.039608, 1.780097, 0.166123, 
99.998726, 72.079810, 15.078758, 1.786350, 0.166846, 
99.998668, 72.159958, 15.117974, 1.792619, 0.167572, 
99.998608, 72.240014, 15.157256, 1.798906, 0.168299, 
99.998546, 72.319978, 15.196604, 1.805209, 0.169030, 
99.998483, 72.399850, 15.236019, 1.811528, 0.169763, 
99.998417, 72.479629, 15.275500, 1.817864, 0.170498, 
99.998349, 72.559314, 15.315048, 1.824218, 0.171237, 
99.998279, 72.638906, 15.354662, 1.830587, 0.171977, 
99.998207, 72.718404, 15.394342, 1.836974, 0.172720, 
99.998133, 72.797807, 15.434090, 1.843378, 0.173466, 
99.998056, 72.877115, 15.473903, 1.849798, 0.174214, 
99.997977, 72.956328, 15.513783, 1.856235, 0.174965, 
99.997896, 73.035445, 15.553730, 1.862690, 0.175718, 
99.997813, 73.114466, 15.593744, 1.869161, 0.176474, 
99.997727, 73.193391, 15.633824, 1.875649, 0.177233, 
99.997639, 73.272218, 15.673971, 1.882155, 0.177994, 
99.997548, 73.350948, 15.714185, 1.888677, 0.178757, 
99.997455, 73.429580, 15.754465, 1.895217, 0.179524, 
99.997359, 73.508114, 15.794813, 1.901773, 0.180292, 
99.997260, 73.586549, 15.835227, 1.908347, 0.181064, 
99.997159, 73.664885, 15.875709, 1.914938, 0.181838, 
99.997055, 73.743121, 15.916257, 1.921547, 0.182615, 
99.996949, 73.821258, 15.956872, 1.928172, 0.183394, 
99.996839, 73.899295, 15.997554, 1.934815, 0.184176, 
99.996727, 73.977230, 16.038304, 1.941475, 0.184961, 
99.996612, 74.055065, 16.079120, 1.948153, 0.185748, 
99.996494, 74.132798, 16.120003, 1.954848, 0.186538, 
99.996373, 74.210429, 16.160954, 1.961560, 0.187330, 
99.996249, 74.287957, 16.201972, 1.968290, 0.188126, 
99.996122, 74.365383, 16.243057, 1.975038, 0.188924, 
99.995992, 74.442706, 16.284209, 1.981803, 0.189724, 
99.995858, 74.519925, 16.325429, 1.988585, 0.190528, 
99.995722, 74.597040, 16.366716, 1.995385, 0.191334, 
99.995582, 74.674050, 16.408070, 2.002203, 0.192142, 
99.995439, 74.750956, 16.449492, 2.009038, 0.192954, 
99.995292, 74.827757, 16.490981, 2.015891, 0.193768, 
99.995142, 74.904451, 16.532537, 2.022762, 0.194585, 
99.994989, 74.981040, 16.574161, 2.029651, 0.195405, 
99.994832, 75.057523, 16.615853, 2.036557, 0.196227, 
99.994672, 75.133898, 16.657612, 2.043481, 0.197052, 
99.994508, 75.210167, 16.699438, 2.050423, 0.197880, 
99.994340, 75.286327, 16.741332, 2.057383, 0.198711, 
99.994169, 75.362380, 16.783294, 2.064361, 0.199544, 
99.993994, 75.438324, 16.825323, 2.071357, 0.200380, 
99.993815, 75.514160, 16.867420, 2.078371, 0.201219, 
99.993632, 75.589886, 16.909585, 2.085403, 0.202061, 
99.993446, 75.665502, 16.951817, 2.092453, 0.202906, 
99.993255, 75.741008, 16.994117, 2.099521, 0.203753, 
99.993060, 75.816404, 17.036485, 2.106607, 0.204603, 
99.992862, 75.891689, 17.078921, 2.113711, 0.205456, 
99.992659, 75.966863, 17.121424, 2.120834, 0.206312, 
99.992453, 76.041925, 17.163996, 2.127974, 0.207170, 
99.992242, 76.116875, 17.206635, 2.135133, 0.208032, 
99.992026, 76.191713, 17.249342, 2.142311, 0.208896, 
99.991807, 76.266438, 17.292117, 2.149506, 0.209763, 
99.991583, 76.341049, 17.334960, 2.156720, 0.210634, 
99.991355, 76.415547, 17.377871, 2.163953, 0.211506, 
99.991122, 76.489931, 17.420850, 2.171203, 0.212382, 
99.990885, 76.564201, 17.463897, 2.178473, 0.213261, 
99.990643, 76.638355, 17.507012, 2.185760, 0.214142, 
99.990396, 76.712395, 17.550195, 2.193067, 0.215027, 
99.990145, 76.786319, 17.593446, 2.200392, 0.215914, 
99.989890, 76.860127, 17.636765, 2.207735, 0.216805, 
99.989629, 76.933819, 17.680152, 2.215097, 0.217698, 
99.989364, 77.007394, 17.723608, 2.222478, 0.218594, 
99.989093, 77.080852, 17.767131, 2.229877, 0.219493, 
99.988818, 77.154192, 17.810723, 2.237296, 0.220395, 
99.988538, 77.227414, 17.854383, 2.244733, 0.221300, 
99.988253, 77.300518, 17.898111, 2.252188, 0.222208, 
99.987962, 77.373504, 17.941907, 2.259663, 0.223119, 
99.987667, 77.446371, 17.985772, 2.267156, 0.224032, 
99.987366, 77.519118, 18.029705, 2.274669, 0.224949, 
99.987060, 77.591745, 18.073706, 2.282200, 0.225869, 
99.986749, 77.664252, 18.117776, 2.289750, 0.226792, 
99.986433, 77.736639, 18.161914, 2.297320, 0.227718, 
99.986111, 77.808904, 18.206120, 2.304908, 0.228646, 
99.985783, 77.881049, 18.250395, 2.312516, 0.229578, 
99.985450, 77.953071, 18.294738, 2.320142, 0.230513, 
99.985111, 78.024972, 18.339149, 2.327788, 0.231451, 
99.984767, 78.096750, 18.383629, 2.335453, 0.232392, 
99.984417, 78.168406, 18.428177, 2.343137, 0.233336, 
99.984062, 78.239938, 18.472794, 2.350840, 0.234283, 
99.983700, 78.311347, 18.517479, 2.358563, 0.235233, 
99.983333, 78.382632, 18.562232, 2.366305, 0.236186, 
99.982959, 78.453793, 18.607054, 2.374066, 0.237142, 
99.982580, 78.524829, 18.651945, 2.381847, 0.238101, 
99.982195, 78.595740, 18.696904, 2.389647, 0.239064, 
99.981803, 78.666526, 18.741931, 2.397467, 0.240029, 
99.981406, 78.737186, 18.787027, 2.405306, 0.240998, 
99.981002, 78.807720, 18.832192, 2.413164, 0.241969, 
99.980592, 78.878127, 18.877425, 2.421042, 0.242944, 
99.980176, 78.948408, 18.922727, 2.428940, 0.243922, 
99.979753, 79.018562, 18.968097, 2.436858, 0.244903, 
99.979324, 79.088588, 19.013536, 2.444795, 0.245887, 
99.978888, 79.158486, 19.059043, 2.452752, 0.246875, 
99.978446, 79.228256, 19.104619, 2.460728, 0.247865, 
99.977997, 79.297898, 19.150264, 2.468724, 0.248859, 
99.977542, 79.367410, 19.195977, 2.476741, 0.249856, 
99.977080, 79.436794, 19.241759, 2.484777, 0.250856, 
99.976611, 79.506048, 19.287610, 2.492833, 0.251859, 
99.976135, 79.575172, 19.333529, 2.500908, 0.252865, 
99.975652, 79.644165, 19.379517, 2.509004, 0.253875, 
99.975162, 79.713028, 19.425573, 2.517120, 0.254888, 
99.974666, 79.781760, 19.471698, 2.525256, 0.255904, 
99.974162, 79.850361, 19.517892, 2.533411, 0.256923, 
99.973651, 79.918830, 19.564154, 2.541587, 0.257945, 
99.973133, 79.987167, 19.610485, 2.549783, 0.258971, 
99.972608, 80.055372, 19.656885, 2.558000, 0.260000, 
99.972075, 80.123444, 19.703353, 2.566236, 0.261032, 
99.971535, 80.191383, 19.749890, 2.574493, 0.262068, 
99.970988, 80.259189, 19.796496, 2.582770, 0.263107, 
99.970433, 80.326861, 19.843170, 2.591067, 0.264149, 
99.969871, 80.394399, 19.889913, 2.599385, 0.265194, 
99.969301, 80.461803, 19.936725, 2.607723, 0.266243, 
99.968723, 80.529072, 19.983606, 2.616081, 0.267295, 
99.968138, 80.596206, 20.030555, 2.624460, 0.268350, 
99.967544, 80.663205, 20.077573, 2.632859, 0.269409, 
99.966944, 80.730068, 20.124659, 2.641279, 0.270471, 
99.966335, 80.796796, 20.171814, 2.649720, 0.271536, 
99.965718, 80.863387, 20.219038, 2.658181, 0.272605, 
99.965093, 80.929842, 20.266330, 2.666662, 0.273677, 
99.964460, 80.996159, 20.313692, 2.675165, 0.274752, 
99.963819, 81.062340, 20.361121, 2.683688, 0.275831, 
99.963170, 81.128383, 20.408620, 2.692232, 0.276913, 
99.962512, 81.194288, 20.456187, 2.700796, 0.277998, 
99.961846, 81.260055, 20.503823, 2.709382, 0.279087, 
99.961172, 81.325684, 20.551527, 2.717988, 0.280180, 
99.960490, 81.391174, 20.599300, 2.726615, 0.281275, 
99.959798, 81.456525, 20.647142, 2.735263, 0.282374, 
99.959099, 81.521737, 20.695052, 2.743932, 0.283477, 
99.958391, 81.586809, 20.743031, 2.752622, 0.284583, 
99.957674, 81.651741, 20.791078, 2.761334, 0.285692, 
99.956948, 81.716533, 20.839195, 2.770066, 0.286805, 
99.956213, 81.781184, 20.887379, 2.778819, 0.287922, 
99.955470, 81.845695, 20.935633, 2.787594, 0.289042, 
99.954718, 81.910064, 20.983954, 2.796389, 0.290165, 
99.953957, 81.974293, 21.032345, 2.805206, 0.291292, 
99.953186, 82.038379, 21.080804, 2.814044, 0.292422, 
99.952407, 82.102324, 21.129331, 2.822903, 0.293556, 
99.951618, 82.166126, 21.177927, 2.831784, 0.294693, 
99.950821, 82.229786, 21.226592, 2.840686, 0.295834, 
99.950014, 82.293303, 21.275325, 2.849610, 0.296978, 
99.949197, 82.356676, 21.324126, 2.858555, 0.298126, 
99.948372, 82.419907, 21.372996, 2.867521, 0.299277, 
99.947536, 82.482994, 21.421935, 2.876509, 0.300432, 
99.946692, 82.545937, 21.470942, 2.885519, 0.301591, 
99.945837, 82.608736, 21.520017, 2.894550, 0.302753, 
99.944973, 82.671390, 21.569161, 2.903602, 0.303919, 
99.944100, 82.733900, 21.618373, 2.912677, 0.305088, 
99.943216, 82.796265, 21.667653, 2.921773, 0.306261, 
99.942323, 82.858485, 21.717002, 2.930891, 0.307437, 
99.941420, 82.920559, 21.766419, 2.940030, 0.308617, 
99.940507, 82.982487, 21.815905, 2.949192, 0.309801, 
99.939584, 83.044270, 21.865458, 2.958375, 0.310988, 
99.938651, 83.105906, 21.915080, 2.967580, 0.312179, 
99.937707, 83.167396, 21.964771, 2.976807, 0.313374, 
99.936754, 83.228739, 22.014529, 2.986056, 0.314572, 
99.935790, 83.289935, 22.064356, 2.995327, 0.315774, 
99.934816, 83.350984, 22.114251, 3.004621, 0.316980, 
99.933832, 83.411885, 22.164214, 3.013936, 0.318189, 
99.932837, 83.472638, 22.214245, 3.023273, 0.319402, 
99.931832, 83.533244, 22.264345, 3.032632, 0.320619, 
99.930816, 83.593702, 22.314512, 3.042014, 0.321839, 
99.929789, 83.654011, 22.364747, 3.051418, 0.323063, 
99.928752, 83.714171, 22.415051, 3.060844, 0.324291, 
99.927704, 83.774183, 22.465422, 3.070292, 0.325523, 
99.926646, 83.834045, 22.515862, 3.079763, 0.326758, 
99.925576, 83.893758, 22.566369, 3.089256, 0.327997, 
99.924496, 83.953322, 22.616945, 3.098772, 0.329240, 
99.923404, 84.012736, 22.667588, 3.108310, 0.330486, 
99.922302, 84.072000, 22.718299, 3.117870, 0.331737, 
99.921188, 84.131113, 22.769078, 3.127453, 0.332991, 
99.920063, 84.190076, 22.819925, 3.137059, 0.334249, 
99.918927, 84.248889, 22.870840, 3.146687, 0.335511, 
99.917780, 84.307551, 22.921822, 3.156338, 0.336776, 
99.916621, 84.366062, 22.972872, 3.166012, 0.338045, 
99.915451, 84.424421, 23.023990, 3.175708, 0.339319, 
99.914270, 84.482629, 23.075175, 3.185427, 0.340596, 
99.913077, 84.540686, 23.126428, 3.195169, 0.341877, 
99.911872, 84.598590, 23.177748, 3.204933, 0.343161, 
99.910656, 84.656343, 23.229136, 3.214721, 0.344450, 
99.909428, 84.713943, 23.280592, 3.224531, 0.345742, 
99.908188, 84.771391, 23.332115, 3.234365, 0.347039, 
99.906936, 84.828686, 23.383705, 3.244221, 0.348339, 
99.905673, 84.885829, 23.435363, 3.254100, 0.349643, 
99.904397, 84.942818, 23.487088, 3.264003, 0.350951, 
99.903110, 84.999655, 23.538881, 3.273928, 0.352263, 
99.901810, 85.056338, 23.590740, 3.283877, 0.353579, 
99.900498, 85.112867, 23.642667, 3.293849, 0.354899, 
99.899174, 85.169243, 23.694661, 3.303844, 0.356223, 
99.897838, 85.225465, 23.746723, 3.313862, 0.357551, 
99.896490, 85.281533, 23.798851, 3.323904, 0.358882, 
99.895129, 85.337447, 23.851046, 3.333969, 0.360218, 
99.893756, 85.393207, 23.903309, 3.344057, 0.361558, 
99.892370, 85.448812, 23.955638, 3.354169, 0.362901, 
99.890971, 85.504262, 24.008034, 3.364304, 0.364249, 
99.889560, 85.559558, 24.060497, 3.374463, 0.365601, 
99.888137, 85.614699, 24.113027, 3.384645, 0.366957, 
99.886700, 85.669684, 24.165624, 3.394851, 0.368316, 
99.885251, 85.724515, 24.218288, 3.405080, 0.369680, 
99.883789, 85.779190, 24.271018, 3.415333, 0.371048, 
99.882314, 85.833709, 24.323815, 3.425610, 0.372420, 
99.880826, 85.888073, 24.376678, 3.435910, 0.373796, 
99.879325, 85.942280, 24.429608, 3.446235, 0.375176, 
99.877810, 85.996332, 24.482604, 3.456583, 0.376560, 
99.876283, 86.050228, 24.535667, 3.466954, 0.377948, 
99.874742, 86.103968, 24.588796, 3.477350, 0.379340, 
99.873189, 86.157551, 24.641991, 3.487770, 0.380737, 
99.871621, 86.210978, 24.695253, 3.498213, 0.382137, 
99.870041, 86.264248, 24.748581, 3.508681, 0.383542, 
99.868446, 86.317362, 24.801975, 3.519172, 0.384951, 
99.866839, 86.370319, 24.855435, 3.529688, 0.386364, 
99.865218, 86.423119, 24.908961, 3.540228, 0.387781, 
99.863583, 86.475762, 24.962554, 3.550792, 0.389202, 
99.861934, 86.528247, 25.016212, 3.561380, 0.390628, 
99.860272, 86.580576, 25.069936, 3.571992, 0.392057, 
99.858596, 86.632747, 25.123725, 3.582629, 0.393491, 
99.856905, 86.684761, 25.177581, 3.593290, 0.394929, 
99.855201, 86.736617, 25.231502, 3.603975, 0.396372, 
99.853483, 86.788315, 25.285489, 3.614684, 0.397818, 
99.851751, 86.839856, 25.339541, 3.625418, 0.399269, 
99.850005, 86.891239, 25.393659, 3.636177, 0.400724, 
99.848245, 86.942464, 25.447842, 3.646960, 0.402183, 
99.846470, 86.993531, 25.502091, 3.657767, 0.403647, 
99.844681, 87.044441, 25.556404, 3.668599, 0.405115, 
99.842878, 87.095192, 25.610784, 3.679456, 0.406587, 
99.841060, 87.145784, 25.665228, 3.690338, 0.408063, 
99.839228, 87.196219, 25.719737, 3.701244, 0.409544, 
99.837381, 87.246495, 25.774312, 3.712174, 0.411029, 
99.835519, 87.296613, 25.828951, 3.723130, 0.412518, 
99.833643, 87.346572, 25.883655, 3.734110, 0.414012, 
99.831753, 87.396373, 25.938424, 3.745116, 0.415510, 
99.829847, 87.446015, 25.993258, 3.756146, 0.417012, 
99.827927, 87.495498, 26.048156, 3.767201, 0.418519, 
99.825991, 87.544823, 26.103119, 3.778281, 0.420030, 
99.824041, 87.593989, 26.158147, 3.789386, 0.421546, 
99.822076, 87.642996, 26.213239, 3.800516, 0.423065, 
99.820096, 87.691845, 26.268395, 3.811671, 0.424590, 
99.818100, 87.740534, 26.323616, 3.822852, 0.426118, 
99.816090, 87.789065, 26.378901, 3.834057, 0.427651, 
99.814064, 87.837437, 26.434250, 3.845288, 0.429189, 
99.812022, 87.885649, 26.489663, 3.856544, 0.430731, 
99.809966, 87.933703, 26.545140, 3.867825, 0.432277, 
99.807894, 87.981598, 26.600681, 3.879132, 0.433828, 
99.805806, 88.029333, 26.656285, 3.890464, 0.435384, 
99.803704, 88.076910, 26.711954, 3.901821, 0.436944, 
99.801585, 88.124328, 26.767686, 3.913204, 0.438508, 
99.799451, 88.171586, 26.823482, 3.924612, 0.440077, 
99.797301, 88.218685, 26.879341, 3.936046, 0.441650, 
99.795135, 88.265625, 26.935264, 3.947505, 0.443228, 
99.792953, 88.312406, 26.991250, 3.958990, 0.444810, 
99.790756, 88.359028, 27.047299, 3.970501, 0.446397, 
99.788543, 88.405491, 27.103411, 3.982037, 0.447989, 
99.786313, 88.451794, 27.159587, 3.993599, 0.449585, 
99.784068, 88.497939, 27.215825, 4.005187, 0.451186, 
99.781806, 88.543924, 27.272126, 4.016800, 0.452791, 
99.779529, 88.589751, 27.328490, 4.028440, 0.454401, 
99.777235, 88.635418, 27.384917, 4.040105, 0.456015, 
99.774924, 88.680926, 27.441407, 4.051796, 0.457634, 
99.772598, 88.726275, 27.497958, 4.063514, 0.459258, 
99.770255, 88.771465, 27.554573, 4.075257, 0.460886, 
99.767895, 88.816496, 27.611249, 4.087026, 0.462519, 
99.765520, 88.861368, 27.667988, 4.098821, 0.464157, 
99.763127, 88.906081, 27.724789, 4.110643, 0.465799, 
99.760718, 88.950635, 27.781653, 4.122490, 0.467446, 
99.758292, 88.995030, 27.838578, 4.134364, 0.469097, 
99.755850, 89.039267, 27.895565, 4.146264, 0.470754, 
99.753390, 89.083344, 27.952613, 4.158191, 0.472415, 
99.750914, 89.127263, 28.009724, 4.170143, 0.474081, 
99.748421, 89.171023, 28.066896, 4.182122, 0.475751, 
99.745911, 89.214625, 28.124129, 4.194128, 0.477426, 
99.743384, 89.258068, 28.181424, 4.206160, 0.479106, 
99.740840, 89.301352, 28.238780, 4.218218, 0.480791, 
99.738278, 89.344478, 28.296197, 4.230303, 0.482480, 
99.735700, 89.387446, 28.353675, 4.242414, 0.484175, 
99.733104, 89.430255, 28.411214, 4.254552, 0.485874, 
99.730491, 89.472906, 28.468814, 4.266717, 0.487578, 
99.727861, 89.515399, 28.526475, 4.278908, 0.489286, 
99.725213, 89.557733, 28.584196, 4.291126, 0.491000, 
99.722548, 89.599910, 28.641978, 4.303371, 0.492718, 
99.719865, 89.641928, 28.699820, 4.315643, 0.494441, 
99.717165, 89.683789, 28.757723, 4.327941, 0.496169, 
99.714447, 89.725491, 28.815685, 4.340267, 0.497902, 
99.711711, 89.767037, 28.873708, 4.352619, 0.499640, 
99.708958, 89.808424, 28.931791, 4.364998, 0.501382, 
99.706187, 89.849654, 28.989934, 4.377404, 0.503130, 
99.703398, 89.890726, 29.048136, 4.389838, 0.504882, 
99.700591, 89.931641, 29.106398, 4.402298, 0.506640, 
99.697766, 89.972399, 29.164720, 4.414785, 0.508402, 
99.694923, 90.013000, 29.223101, 4.427300, 0.510169, 
99.692062, 90.053444, 29.281541, 4.439842, 0.511941, 
99.689183, 90.093731, 29.340040, 4.452411, 0.513719, 
99.686286, 90.133861, 29.398599, 4.465007, 0.515501, 
99.683371, 90.173834, 29.457216, 4.477631, 0.517288, 
99.680437, 90.213651, 29.515892, 4.490282, 0.519080, 
99.677485, 90.253311, 29.574627, 4.502960, 0.520877, 
99.674514, 90.292815, 29.633420, 4.515666, 0.522679, 
99.671525, 90.332163, 29.692272, 4.528400, 0.524486, 
99.668518, 90.371354, 29.751182, 4.541161, 0.526298, 
99.665492, 90.410390, 29.810151, 4.553949, 0.528115, 
99.662448, 90.449270, 29.869177, 4.566765, 0.529938, 
99.659385, 90.487995, 29.928262, 4.579609, 0.531765, 
99.656303, 90.526563, 29.987404, 4.592480, 0.533597, 
99.653202, 90.564977, 30.046604, 4.605379, 0.535435, 
99.650083, 90.603235, 30.105861, 4.618306, 0.537278, 
99.646944, 90.641338, 30.165176, 4.631261, 0.539125, 
99.643787, 90.679286, 30.224548, 4.644243, 0.540978, 
99.640611, 90.717079, 30.283978, 4.657254, 0.542836, 
99.637416, 90.754718, 30.343464, 4.670292, 0.544699, 
99.634202, 90.792202, 30.403008, 4.683358, 0.546567, 
99.630968, 90.829532, 30.462608, 4.696452, 0.548441, 
99.627716, 90.866708, 30.522265, 4.709575, 0.550320, 
99.624444, 90.903730, 30.581978, 4.722725, 0.552203, 
99.621153, 90.940598, 30.641748, 4.735903, 0.554092, 
99.617842, 90.977313, 30.701573, 4.749110, 0.555987, 
99.614513, 91.013873, 30.761455, 4.762345, 0.557886, 
99.611163, 91.050281, 30.821394, 4.775608, 0.559791, 
99.607795, 91.086536, 30.881387, 4.788899, 0.561701, 
99.604407, 91.122637, 30.941437, 4.802219, 0.563616, 
99.600999, 91.158586, 31.001542, 4.815567, 0.565536, 
99.597571, 91.194383, 31.061703, 4.828944, 0.567462, 
99.594124, 91.230027, 31.121918, 4.842348, 0.569393, 
99.590657, 91.265518, 31.182189, 4.855782, 0.571329, 
99.587171, 91.300858, 31.242515, 4.869244, 0.573271, 
99.583664, 91.336046, 31.302896, 4.882734, 0.575218, 
99.580138, 91.371083, 31.363331, 4.896253, 0.577170, 
99.576591, 91.405968, 31.423821, 4.909801, 0.579128, 
99.573025, 91.440702, 31.484366, 4.923377, 0.581091, 
99.569439, 91.475285, 31.544964, 4.936982, 0.583059, 
99.565832, 91.509717, 31.605617, 4.950616, 0.585033, 
99.562206, 91.543999, 31.666324, 4.964279, 0.587012, 
99.558559, 91.578130, 31.727084, 4.977970, 0.588997, 
99.554892, 91.612111, 31.787899, 4.991691, 0.590987, 
99.551205, 91.645942, 31.848766, 5.005440, 0.592982, 
99.547497, 91.679624, 31.909687, 5.019218, 0.594983, 
99.543769, 91.713156, 31.970662, 5.033025, 0.596989, 
99.540021, 91.746539, 32.031689, 5.046862, 0.599001, 
99.536252, 91.779773, 32.092769, 5.060727, 0.601018, 
99.532462, 91.812858, 32.153902, 5.074622, 0.603041, 
99.528652, 91.845795, 32.215088, 5.088545, 0.605069, 
99.524821, 91.878583, 32.276326, 5.102498, 0.607103, 
99.520970, 91.911223, 32.337616, 5.116480, 0.609142, 
99.517098, 91.943715, 32.398959, 5.130491, 0.611187, 
99.513205, 91.976060, 32.460353, 5.144532, 0.613237, 
99.509291, 92.008258, 32.521799, 5.158602, 0.615293, 
99.505357, 92.040308, 32.583297, 5.172702, 0.617355, 
99.501401, 92.072211, 32.644846, 5.186830, 0.619422, 
99.497425, 92.103968, 32.706447, 5.200989, 0.621494, 
99.493428, 92.135579, 32.768099, 5.215176, 0.623573, 
99.489409, 92.167043, 32.829801, 5.229394, 0.625657, 
99.485369, 92.198361, 32.891555, 5.243641, 0.627746, 
99.481309, 92.229534, 32.953359, 5.257917, 0.629841, 
99.477227, 92.260562, 33.015214, 5.272224, 0.631942, 
99.473123, 92.291444, 33.077119, 5.286560, 0.634048, 
99.468999, 92.322182, 33.139074, 5.300925, 0.636160, 
99.464853, 92.352775, 33.201079, 5.315321, 0.638278, 
99.460686, 92.383224, 33.263134, 5.329746, 0.640402, 
99.456497, 92.413529, 33.325239, 5.344202, 0.642531, 
99.452287, 92.443690, 33.387393, 5.358687, 0.644666, 
99.448055, 92.473708, 33.449596, 5.373202, 0.646806, 
99.443802, 92.503582, 33.511849, 5.387747, 0.648953, 
99.439527, 92.533314, 33.574150, 5.402322, 0.651105, 
99.435230, 92.562903, 33.636500, 5.416927, 0.653263, 
99.430912, 92.592349, 33.698899, 5.431562, 0.655426, 
99.426572, 92.621654, 33.761347, 5.446228, 0.657596, 
99.422210, 92.650817, 33.823842, 5.460923, 0.659771, 
99.417827, 92.679838, 33.886386, 5.475649, 0.661952, 
99.413421, 92.708718, 33.948978, 5.490405, 0.664139, 
99.408993, 92.737457, 34.011617, 5.505192, 0.666332, 
99.404544, 92.766056, 34.074304, 5.520008, 0.668531, 
99.400072, 92.794514, 34.137038, 5.534856, 0.670735, 
99.395579, 92.822832, 34.199819, 5.549733, 0.672945, 
99.391063, 92.851010, 34.262648, 5.564641, 0.675162, 
99.386525, 92.879049, 34.325523, 5.579579, 0.677384, 
99.381965, 92.906949, 34.388445, 5.594548, 0.679612, 
99.377383, 92.934710, 34.451413, 5.609548, 0.681846, 
99.372778, 92.962332, 34.514428, 5.624578, 0.684086, 
99.368151, 92.989817, 34.577489, 5.639639, 0.686332, 
99.363502, 93.017163, 34.640595, 5.654731, 0.688584, 
99.358830, 93.044372, 34.703747, 5.669853, 0.690841, 
99.354136, 93.071443, 34.766945, 5.685006, 0.693105, 
99.349419, 93.098377, 34.830188, 5.700190, 0.695375, 
99.344680, 93.125175, 34.893477, 5.715405, 0.697651, 
99.339918, 93.151836, 34.956810, 5.730650, 0.699933, 
99.335133, 93.178361, 35.020188, 5.745927, 0.702221, 
99.330326, 93.204751, 35.083611, 5.761234, 0.704515, 
99.325496, 93.231005, 35.147078, 5.776573, 0.706815, 
99.320643, 93.257124, 35.210589, 5.791942, 0.709121, 
99.315768, 93.283108, 35.274144, 5.807343, 0.711433, 
99.310870, 93.308958, 35.337743, 5.822774, 0.713751, 
99.305948, 93.334673, 35.401386, 5.838237, 0.716075, 
99.301004, 93.360255, 35.465072, 5.853731, 0.718406, 
99.296037, 93.385703, 35.528801, 5.869257, 0.720743, 
99.291047, 93.411018, 35.592573, 5.884813, 0.723085, 
99.286033, 93.436201, 35.656388, 5.900401, 0.725434, 
99.280997, 93.461251, 35.720246, 5.916020, 0.727790, 
99.275937, 93.486168, 35.784146, 5.931671, 0.730151, 
99.270855, 93.510954, 35.848088, 5.947353, 0.732518, 
99.265749, 93.535608, 35.912073, 5.963066, 0.734892, 
99.260620, 93.560131, 35.976099, 5.978811, 0.737272, 
99.255467, 93.584524, 36.040167, 5.994588, 0.739658, 
99.250291, 93.608786, 36.104276, 6.010396, 0.742051, 
99.245092, 93.632917, 36.168426, 6.026236, 0.744449, 
99.239869, 93.656919, 36.232618, 6.042107, 0.746854, 
99.234623, 93.680792, 36.296850, 6.058010, 0.749266, 
99.229353, 93.704535, 36.361123, 6.073945, 0.751683, 
99.224060, 93.728149, 36.425436, 6.089911, 0.754107, 
99.218743, 93.751635, 36.489790, 6.105910, 0.756537, 
99.213403, 93.774993, 36.554183, 6.121940, 0.758974, 
99.208039, 93.798224, 36.618616, 6.138002, 0.761417, 
99.202651, 93.821326, 36.683089, 6.154096, 0.763866, 
99.197239, 93.844302, 36.747601, 6.170222, 0.766322, 
99.191804, 93.867151, 36.812152, 6.186380, 0.768784, 
99.186345, 93.889874, 36.876742, 6.202570, 0.771252, 
99.180862, 93.912470, 36.941371, 6.218792, 0.773727, 
99.175355, 93.934941, 37.006039, 6.235046, 0.776208, 
99.169824, 93.957287, 37.070744, 6.251333, 0.778696, 
99.164269, 93.979508, 37.135488, 6.267651, 0.781190, 
99.158690, 94.001604, 37.200270, 6.284002, 0.783691, 
99.153087, 94.023576, 37.265089, 6.300385, 0.786198, 
99.147460, 94.045424, 37.329946, 6.316800, 0.788712, 
99.141809, 94.067148, 37.394840, 6.333248, 0.791232, 
99.136134, 94.088749, 37.459771, 6.349728, 0.793758, 
99.130434, 94.110228, 37.524738, 6.366240, 0.796292, 
99.124710, 94.131584, 37.589743, 6.382785, 0.798831, 
99.118962, 94.152818, 37.654783, 6.399362, 0.801378, 
99.113190, 94.173930, 37.719860, 6.415972, 0.803930, 
99.107393, 94.194920, 37.784973, 6.432614, 0.806490, 
99.101572, 94.215790, 37.850121, 6.449289, 0.809056, 
99.095726, 94.236539, 37.915305, 6.465997, 0.811629, 
99.089856, 94.257168, 37.980524, 6.482737, 0.814208, 
99.083962, 94.277677, 38.045778, 6.499510, 0.816794, 
99.078042, 94.298066, 38.111067, 6.516316, 0.819386, 
99.072099, 94.318336, 38.176391, 6.533154, 0.821986, 
99.066130, 94.338487, 38.241748, 6.550025, 0.824592, 
99.060138, 94.358519, 38.307140, 6.566930, 0.827204, 
99.054120, 94.378434, 38.372566, 6.583867, 0.829824, 
99.048078, 94.398230, 38.438026, 6.600836, 0.832450, 
99.042010, 94.417909, 38.503519, 6.617839, 0.835082, 
99.035919, 94.437472, 38.569045, 6.634875, 0.837722, 
99.029802, 94.456917, 38.634604, 6.651944, 0.840368, 
99.023660, 94.476246, 38.700196, 6.669046, 0.843021, 
99.017494, 94.495460, 38.765821, 6.686181, 0.845681, 
99.011302, 94.514557, 38.831477, 6.703349, 0.848348, 
99.005086, 94.533540, 38.897166, 6.720551, 0.851021, 
98.998845, 94.552407, 38.962887, 6.737786, 0.853701, 
98.992578, 94.571161, 39.028639, 6.755053, 0.856389, 
98.986287, 94.589800, 39.094423, 6.772355, 0.859083, 
98.979970, 94.608325, 39.160238, 6.789689, 0.861783, 
98.973628, 94.626737, 39.226083, 6.807057, 0.864491, 
98.967261, 94.645036, 39.291960, 6.824458, 0.867206, 
98.960869, 94.663222, 39.357867, 6.841893, 0.869927, 
98.954452, 94.681296, 39.423804, 6.859361, 0.872656, 
98.948009, 94.699258, 39.489771, 6.876863, 0.875391, 
98.941542, 94.717109, 39.555768, 6.894398, 0.878133, 
98.935048, 94.734848, 39.621794, 6.911966, 0.880883, 
98.928530, 94.752476, 39.687850, 6.929569, 0.883639, 
98.921986, 94.769995, 39.753934, 6.947205, 0.886402, 
98.915416, 94.787403, 39.820048, 6.964874, 0.889172, 
98.908821, 94.804701, 39.886190, 6.982578, 0.891950, 
98.902201, 94.821890, 39.952360, 7.000315, 0.894734, 
98.895555, 94.838970, 40.018558, 7.018086, 0.897525, 
98.888883, 94.855942, 40.084784, 7.035890, 0.900324, 
98.882186, 94.872805, 40.151038, 7.053729, 0.903129, 
98.875464, 94.889560, 40.217319, 7.071602, 0.905942, 
98.868715, 94.906208, 40.283627, 7.089508, 0.908761, 
98.861941, 94.922749, 40.349962, 7.107448, 0.911588, 
98.855141, 94.939183, 40.416324, 7.125423, 0.914422, 
98.848316, 94.955511, 40.482712, 7.143431, 0.917263, 
98.841464, 94.971732, 40.549126, 7.161473, 0.920111, 
98.834587, 94.987848, 40.615566, 7.179550, 0.922966, 
98.827684, 95.003859, 40.682032, 7.197661, 0.925829, 
98.820755, 95.019765, 40.748523, 7.215805, 0.928699, 
98.813800, 95.035566, 40.815040, 7.233984, 0.931575, 
98.806820, 95.051263, 40.881581, 7.252198, 0.934460, 
98.799813, 95.066857, 40.948147, 7.270445, 0.937351, 
98.792780, 95.082346, 41.014737, 7.288727, 0.940250, 
98.785721, 95.097733, 41.081351, 7.307043, 0.943155, 
98.778637, 95.113017, 41.147990, 7.325394, 0.946069, 
98.771526, 95.128199, 41.214652, 7.343779, 0.948989, 
98.764389, 95.143278, 41.281337, 7.362198, 0.951917, 
98.757225, 95.158256, 41.348046, 7.380652, 0.954852, 
98.750036, 95.173133, 41.414778, 7.399140, 0.957794, 
98.742821, 95.187909, 41.481532, 7.417663, 0.960744, 
98.735579, 95.202584, 41.548309, 7.436221, 0.963701, 
98.728311, 95.217159, 41.615107, 7.454813, 0.966666, 
98.721016, 95.231634, 41.681928, 7.473440, 0.969638, 
98.713696, 95.246010, 41.748771, 7.492101, 0.972617, 
98.706349, 95.260287, 41.815634, 7.510797, 0.975604, 
98.698975, 95.274465, 41.882519, 7.529528, 0.978598, 
98.691576, 95.288544, 41.949425, 7.548294, 0.981599, 
98.684149, 95.302526, 42.016352, 7.567094, 0.984608, 
98.676697, 95.316410, 42.083299, 7.585929, 0.987625, 
98.669217, 95.330196, 42.150266, 7.604800, 0.990649, 
98.661712, 95.343886, 42.217253, 7.623705, 0.993681, 
98.654180, 95.357479, 42.284260, 7.642645, 0.996720, 
98.646621, 95.370976, 42.351286, 7.661620, 0.999766, 
98.639035, 95.384377, 42.418331, 7.680630, 1.002820, 
98.631423, 95.397682, 42.485395, 7.699675, 1.005882, 
98.623785, 95.410893, 42.552478, 7.718755, 1.008951, 
98.616119, 95.424008, 42.619579, 7.737870, 1.012028, 
98.608427, 95.437029, 42.686698, 7.757020, 1.015113, 
98.600708, 95.449956, 42.753835, 7.776206, 1.018205, 
98.592963, 95.462789, 42.820989, 7.795427, 1.021305, 
98.585190, 95.475529, 42.888161, 7.814683, 1.024412, 
98.577391, 95.488175, 42.955350, 7.833974, 1.027527, 
98.569565, 95.500729, 43.022556, 7.853301, 1.030650, 
98.561712, 95.513191, 43.089778, 7.872662, 1.033780, 
98.553833, 95.525561, 43.157016, 7.892060, 1.036918, 
98.545926, 95.537839, 43.224271, 7.911492, 1.040064, 
98.537992, 95.550025, 43.291541, 7.930960, 1.043218, 
98.530032, 95.562121, 43.358827, 7.950464, 1.046379, 
98.522044, 95.574126, 43.426128, 7.970003, 1.049548, 
98.514030, 95.586041, 43.493444, 7.989577, 1.052725, 
98.505988, 95.597866, 43.560775, 8.009187, 1.055909, 
98.497919, 95.609601, 43.628120, 8.028833, 1.059102, 
98.489824, 95.621247, 43.695479, 8.048514, 1.062302, 
98.481701, 95.632804, 43.762853, 8.068231, 1.065510, 
98.473551, 95.644273, 43.830240, 8.087984, 1.068726, 
98.465374, 95.655653, 43.897640, 8.107772, 1.071950, 
98.457169, 95.666946, 43.965054, 8.127596, 1.075182, 
98.448938, 95.678150, 44.032480, 8.147456, 1.078421, 
98.440679, 95.689268, 44.099919, 8.167352, 1.081669, 
98.432393, 95.700299, 44.167370, 8.187283, 1.084924, 
98.424080, 95.711243, 44.234834, 8.207251, 1.088188, 
98.415739, 95.722101, 44.302309, 8.227254, 1.091459, 
98.407371, 95.732874, 44.369796, 8.247293, 1.094739, 
98.398976, 95.743560, 44.437294, 8.267368, 1.098026, 
98.390553, 95.754162, 44.504803, 8.287479, 1.101321, 
98.382103, 95.764678, 44.572322, 8.307626, 1.104624, 
98.373626, 95.775110, 44.639853, 8.327809, 1.107936, 
98.365121, 95.785458, 44.707393, 8.348029, 1.111255, 
98.356588, 95.795722, 44.774944, 8.368284, 1.114583, 
98.348029, 95.805902, 44.842504, 8.388575, 1.117918, 
98.339441, 95.815999, 44.910073, 8.408903, 1.121262, 
98.330826, 95.826014, 44.977652, 8.429267, 1.124613, 
98.322184, 95.835945, 45.045239, 8.449667, 1.127973, 
98.313514, 95.845795, 45.112835, 8.470103, 1.131341, 
98.304816, 95.855562, 45.180440, 8.490576, 1.134717, 
98.296091, 95.865248, 45.248052, 8.511085, 1.138102, 
98.287338, 95.874852, 45.315673, 8.531630, 1.141494, 
98.278558, 95.884376, 45.383300, 8.552212, 1.144895, 
98.269750, 95.893818, 45.450935, 8.572830, 1.148304, 
98.260914, 95.903181, 45.518577, 8.593484, 1.151721, 
98.252050, 95.912463, 45.586226, 8.614175, 1.155146, 
98.243159, 95.921666, 45.653881, 8.634902, 1.158580, 
98.234240, 95.930789, 45.721543, 8.655666, 1.162021, 
98.225293, 95.939833, 45.789210, 8.676467, 1.165472, 
98.216319, 95.948799, 45.856883, 8.697304, 1.168930, 
98.207316, 95.957686, 45.924561, 8.718177, 1.172397, 
98.198286, 95.966494, 45.992245, 8.739088, 1.175872, 
98.189228, 95.975225, 46.059933, 8.760035, 1.179355, 
98.180142, 95.983878, 46.127626, 8.781018, 1.182847, 
98.171028, 95.992455, 46.195323, 8.802039, 1.186347, 
98.161886, 96.000954, 46.263024, 8.823096, 1.189856, 
98.152717, 96.009376, 46.330728, 8.844189, 1.193373, 
98.143519, 96.017722, 46.398437, 8.865320, 1.196898, 
98.134293, 96.025992, 46.466148, 8.886487, 1.200432, 
98.125040, 96.034187, 46.533862, 8.907692, 1.203974, 
98.115758, 96.042306, 46.601579, 8.928933, 1.207525, 
98.106448, 96.050349, 46.669299, 8.950211, 1.211084, 
98.097111, 96.058318, 46.737020, 8.971526, 1.214652, 
98.087745, 96.066213, 46.804743, 8.992878, 1.218228, 
98.078351, 96.074033, 46.872468, 9.014267, 1.221813, 
98.068929, 96.081779, 46.940194, 9.035693, 1.225406, 
98.059479, 96.089451, 47.007921, 9.057156, 1.229008, 
98.050001, 96.097050, 47.075649, 9.078656, 1.232618, 
98.040495, 96.104576, 47.143377, 9.100193, 1.236237, 
98.030960, 96.112030, 47.211105, 9.121768, 1.239865, 
98.021398, 96.119410, 47.278834, 9.143379, 1.243501, 
98.011807, 96.126719, 47.346561, 9.165028, 1.247146, 
98.002188, 96.133955, 47.414289, 9.186714, 1.250800, 
97.992541, 96.141120, 47.482015, 9.208437, 1.254462, 
97.982865, 96.148214, 47.549740, 9.230197, 1.258133, 
97.973161, 96.155236, 47.617464, 9.251995, 1.261812, 
97.963429, 96.162187, 47.685186, 9.273830, 1.265500, 
97.953669, 96.169069, 47.752906, 9.295702, 1.269198, 
97.943880, 96.175879, 47.820623, 9.317612, 1.272903, 
97.934063, 96.182620, 47.888338, 9.339559, 1.276618, 
97.924218, 96.189291, 47.956050, 9.361543, 1.280341, 
97.914344, 96.195893, 48.023760, 9.383565, 1.284073, 
97.904442, 96.202425, 48.091465, 9.405624, 1.287814, 
97.894511, 96.208889, 48.159167, 9.427721, 1.291564, 
0.000000, 0.001963, 0.033766, 0.011018, 0.002196, 
