0.000000
0.000001
0.000003
0.000004
0.000005
0.000006
0.000008
0.000009
0.000010
0.000012
0.000013
0.000014
0.000015
0.000017
0.000018
0.000019
0.000020
0.000022
0.000023
0.000024
0.000026
0.000027
0.000028
0.000029
0.000031
0.000032
0.000033
0.000035
0.000036
0.000037
0.000038
0.000040
0.000041
0.000042
0.000044
0.000045
0.000046
0.000047
0.000049
0.000050
0.000051
0.000052
0.000054
0.000055
0.000056
0.000058
0.000059
0.000060
0.000061
0.000063
0.000064
0.000065
0.000067
0.000068
0.000069
0.000070
0.000072
0.000073
0.000074
0.000075
0.000077
0.000078
0.000079
0.000081
0.000082
0.000083
0.000084
0.000086
0.000087
0.000088
0.000090
0.000091
0.000092
0.000093
0.000095
0.000096
0.000097
0.000099
0.000100
0.000101
0.000102
0.000104
0.000105
0.000106
0.000107
0.000109
0.000110
0.000111
0.000113
0.000114
0.000115
0.000116
0.000118
0.000119
0.000120
0.000122
0.000123
0.000124
0.000125
0.000127
0.000128
0.000129
0.000130
0.000132
0.000133
0.000134
0.000136
0.000137
0.000138
0.000139
0.000141
0.000142
0.000143
0.000144
0.000146
0.000147
0.000148
0.000150
0.000151
0.000152
0.000153
0.000155
0.000156
0.000157
0.000159
0.000160
0.000161
0.000162
0.000164
0.000165
0.000166
0.000167
0.000169
0.000170
0.000171
0.000173
0.000174
0.000175
0.000176
0.000178
0.000179
0.000180
0.000181
0.000183
0.000184
0.000185
0.000187
0.000188
0.000189
0.000190
0.000192
0.000193
0.000194
0.000195
0.000197
0.000198
0.000199
0.000201
0.000202
0.000203
0.000204
0.000206
0.000207
0.000208
0.000209
0.000211
0.000212
0.000213
0.000215
0.000216
0.000217
0.000218
0.000220
0.000221
0.000222
0.000223
0.000225
0.000226
0.000227
0.000229
0.000230
0.000231
0.000232
0.000234
0.000235
0.000236
0.000237
0.000239
0.000240
0.000241
0.000242
0.000244
0.000245
0.000246
0.000248
0.000249
0.000250
0.000251
0.000253
0.000254
0.000255
0.000256
0.000258
0.000259
0.000260
0.000262
0.000263
0.000264
0.000265
0.000267
0.000268
0.000269
0.000270
0.000272
0.000273
0.000274
0.000275
0.000277
0.000278
0.000279
0.000280
0.000282
0.000283
0.000284
0.000286
0.000287
0.000288
0.000289
0.000291
0.000292
0.000293
0.000294
0.000296
0.000297
0.000298
0.000299
0.000301
0.000302
0.000303
0.000305
0.000306
0.000307
0.000308
0.000310
0.000311
0.000312
0.000313
0.000315
0.000316
0.000317
0.000318
0.000320
0.000321
0.000322
0.000323
0.000325
0.000326
0.000327
0.000328
0.000330
0.000331
0.000332
0.000333
0.000335
0.000336
0.000337
0.000339
0.000340
0.000341
0.000342
0.000344
0.000345
0.000346
0.000347
0.000349
0.000350
0.000351
0.000352
0.000354
0.000355
0.000356
0.000357
0.000359
0.000360
0.000361
0.000362
0.000364
0.000365
0.000366
0.000367
0.000369
0.000370
0.000371
0.000372
0.000374
0.000375
0.000376
0.000377
0.000379
0.000380
0.000381
0.000382
0.000384
0.000385
0.000386
0.000387
0.000389
0.000390
0.000391
0.000392
0.000394
0.000395
0.000396
0.000397
0.000399
0.000400
0.000401
0.000402
0.000404
0.000405
0.000406
0.000407
0.000409
0.000410
0.000411
0.000412
0.000414
0.000415
0.000416
0.000417
0.000419
0.000420
0.000421
0.000422
0.000424
0.000425
0.000426
0.000427
0.000429
0.000430
0.000431
0.000432
0.000434
0.000435
0.000436
0.000437
0.000438
0.000440
0.000441
0.000442
0.000443
0.000445
0.000446
0.000447
0.000448
0.000450
0.000451
0.000452
0.000453
0.000455
0.000456
0.000457
0.000458
0.000460
0.000461
0.000462
0.000463
0.000464
0.000466
0.000467
0.000468
0.000469
0.000471
0.000472
0.000473
0.000474
0.000476
0.000477
0.000478
0.000479
0.000480
0.000482
0.000483
0.000484
0.000485
0.000487
0.000488
0.000489
0.000490
0.000491
0.000493
0.000494
0.000495
0.000496
0.000498
0.000499
0.000500
0.000501
0.000503
0.000504
0.000505
0.000506
0.000507
0.000509
0.000510
0.000511
0.000512
0.000513
0.000515
0.000516
0.000517
0.000518
0.000520
0.000521
0.000522
0.000523
0.000524
0.000526
0.000527
0.000528
0.000529
0.000531
0.000532
0.000533
0.000534
0.000535
0.000537
0.000538
0.000539
0.000540
0.000541
0.000543
0.000544
0.000545
0.000546
0.000547
0.000549
0.000550
0.000551
0.000552
0.000553
0.000555
0.000556
0.000557
0.000558
0.000559
0.000561
0.000562
0.000563
0.000564
0.000565
0.000567
0.000568
0.000569
0.000570
0.000571
0.000573
0.000574
0.000575
0.000576
0.000577
0.000579
0.000580
0.000581
0.000582
0.000583
0.000585
0.000586
0.000587
0.000588
0.000589
0.000591
0.000592
0.000593
0.000594
0.000595
0.000596
0.000598
0.000599
0.000600
0.000601
0.000602
0.000604
0.000605
0.000606
0.000607
0.000608
0.000609
0.000611
0.000612
0.000613
0.000614
0.000615
0.000617
0.000618
0.000619
0.000620
0.000621
0.000622
0.000624
0.000625
0.000626
0.000627
0.000628
0.000629
0.000631
0.000632
0.000633
0.000634
0.000635
0.000636
0.000638
0.000639
0.000640
0.000641
0.000642
0.000643
0.000645
0.000646
0.000647
0.000648
0.000649
0.000650
0.000652
0.000653
0.000654
0.000655
0.000656
0.000657
0.000658
0.000660
0.000661
0.000662
0.000663
0.000664
0.000665
0.000666
0.000668
0.000669
0.000670
0.000671
0.000672
0.000673
0.000674
0.000676
0.000677
0.000678
0.000679
0.000680
0.000681
0.000682
0.000684
0.000685
0.000686
0.000687
0.000688
0.000689
0.000690
0.000692
0.000693
0.000694
0.000695
0.000696
0.000697
0.000698
0.000699
0.000701
0.000702
0.000703
0.000704
0.000705
0.000706
0.000707
0.000708
0.000709
0.000711
0.000712
0.000713
0.000714
0.000715
0.000716
0.000717
0.000718
0.000720
0.000721
0.000722
0.000723
0.000724
0.000725
0.000726
0.000727
0.000728
0.000729
0.000731
0.000732
0.000733
0.000734
0.000735
0.000736
0.000737
0.000738
0.000739
0.000740
0.000742
0.000743
0.000744
0.000745
0.000746
0.000747
0.000748
0.000749
0.000750
0.000751
0.000752
0.000753
0.000755
0.000756
0.000757
0.000758
0.000759
0.000760
0.000761
0.000762
0.000763
0.000764
0.000765
0.000766
0.000767
0.000768
0.000770
0.000771
0.000772
0.000773
0.000774
0.000775
0.000776
0.000777
0.000778
0.000779
0.000780
0.000781
0.000782
0.000783
0.000784
0.000785
0.000786
0.000787
0.000789
0.000790
0.000791
0.000792
0.000793
0.000794
0.000795
0.000796
0.000797
0.000798
0.000799
0.000800
0.000801
0.000802
0.000803
0.000804
0.000805
0.000806
0.000807
0.000808
0.000809
0.000810
0.000811
0.000812
0.000813
0.000814
0.000815
0.000816
0.000817
0.000818
0.000819
0.000820
0.000821
0.000822
0.000823
0.000824
0.000825
0.000826
0.000827
0.000828
0.000829
0.000830
0.000831
0.000832
0.000833
0.000834
0.000835
0.000836
0.000837
0.000838
0.000839
0.000840
0.000841
0.000842
0.000843
0.000844
0.000845
0.000846
0.000847
0.000848
0.000849
0.000850
0.000851
0.000852
0.000853
0.000854
0.000855
0.000856
0.000857
0.000858
0.000859
0.000860
0.000861
0.000862
0.000863
0.000864
0.000865
0.000865
0.000866
0.000867
0.000868
0.000869
0.000870
0.000871
0.000872
0.000873
0.000874
0.000875
0.000876
0.000877
0.000878
0.000879
0.000880
0.000880
0.000881
0.000882
0.000883
0.000884
0.000885
0.000886
0.000887
0.000888
0.000889
0.000890
0.000890
0.000891
0.000892
0.000893
0.000894
0.000895
0.000896
0.000897
0.000898
0.000899
0.000899
0.000900
0.000901
0.000902
0.000903
0.000904
0.000905
0.000906
0.000907
0.000907
0.000908
0.000909
0.000910
0.000911
0.000912
0.000913
0.000914
0.000914
0.000915
0.000916
0.000917
0.000918
0.000919
0.000920
0.000920
0.000921
0.000922
0.000923
0.000924
0.000925
0.000925
0.000926
0.000927
0.000928
0.000929
0.000930
0.000930
0.000931
0.000932
0.000933
0.000934
0.000935
0.000935
0.000936
0.000937
0.000938
0.000939
0.000939
0.000940
0.000941
0.000942
0.000943
0.000943
0.000944
0.000945
0.000946
0.000947
0.000947
0.000948
0.000949
0.000950
0.000950
0.000951
0.000952
0.000953
0.000954
0.000954
0.000955
0.000956
0.000957
0.000957
0.000958
0.000959
0.000960
0.000960
0.000961
0.000962
0.000963
0.000963
0.000964
0.000965
0.000966
0.000966
0.000967
0.000968
0.000969
0.000969
0.000970
0.000971
0.000971
0.000972
0.000973
0.000974
0.000974
0.000975
0.000976
0.000976
0.000977
0.000978
0.000979
0.000979
0.000980
0.000981
0.000981
0.000982
0.000983
0.000983
0.000984
0.000985
0.000985
0.000986
0.000987
0.000987
0.000988
0.000989
0.000989
0.000990
0.000991
0.000991
0.000992
0.000993
0.000993
0.000994
0.000995
0.000995
0.000996
0.000996
0.000997
0.000998
0.000998
0.000999
0.001000
0.001000
0.001001
0.001001
0.001002
0.001003
0.001003
0.001004
0.001004
0.001005
0.001006
0.001006
0.001007
0.001007
0.001008
0.001009
0.001009
0.001010
0.001010
0.001011
0.001011
0.001012
0.001013
0.001013
0.001014
0.001014
0.001015
0.001015
0.001016
0.001016
0.001017
0.001018
0.001018
0.001019
0.001019
0.001020
0.001020
0.001021
0.001021
0.001022
0.001022
0.001023
0.001023
0.001024
0.001024
0.001025
0.001025
0.001026
0.001026
0.001027
0.001027
0.001028
0.001028
0.001029
0.001029
0.001030
0.001030
0.001030
0.001031
0.001031
0.001032
0.001032
0.001033
0.001033
0.001034
0.001034
0.001034
0.001035
0.001035
0.001036
0.001036
0.001037
0.001037
0.001037
0.001038
0.001038
0.001039
0.001039
0.001039
0.001040
0.001040
0.001041
0.001041
0.001041
0.001042
0.001042
0.001043
0.001043
0.001043
0.001044
0.001044
0.001044
0.001045
0.001045
0.001045
0.001046
0.001046
0.001046
0.001047
0.001047
0.001047
0.001048
0.001048
0.001048
0.001049
0.001049
0.001049
0.001049
0.001050
0.001050
0.001050
0.001051
0.001051
0.001051
0.001051
0.001052
0.001052
0.001052
0.001053
0.001053
0.001053
0.001053
0.001054
0.001054
0.001054
0.001054
0.001054
0.001055
0.001055
0.001055
0.001055
0.001056
0.001056
0.001056
0.001056
0.001056
0.001057
0.001057
0.001057
0.001057
0.001057
0.001057
0.001058
0.001058
0.001058
0.001058
0.001058
0.001058
0.001059
0.001059
0.001059
0.001059
0.001059
0.001059
0.001059
0.001059
0.001060
0.001060
0.001060
0.001060
0.001060
0.001060
0.001060
0.001060
0.001060
0.001060
0.001060
0.001061
0.001061
0.001061
0.001061
0.001061
0.001061
0.001061
0.001061
0.001061
0.001061
0.001061
0.001061
0.001061
0.001061
0.001061
0.001061
0.001061
0.001061
0.001061
0.001061
0.001061
0.001061
0.001061
0.001061
0.001061
0.001061
0.001061
0.001061
0.001061
0.001061
0.001061
0.001060
0.001060
0.001060
0.001060
0.001060
0.001060
0.001060
0.001060
0.001060
0.001060
0.001060
0.001059
0.001059
0.001059
0.001059
0.001059
0.001059
0.001059
0.001058
0.001058
0.001058
0.001058
0.001058
0.001058
0.001057
0.001057
0.001057
0.001057
0.001057
0.001056
0.001056
0.001056
0.001056
0.001056
0.001055
0.001055
0.001055
0.001055
0.001054
0.001054
0.001054
0.001054
0.001053
0.001053
0.001053
0.001052
0.001052
0.001052
0.001052
0.001051
0.001051
0.001051
0.001050
0.001050
0.001050
0.001049
0.001049
0.001049
0.001048
0.001048
0.001048
0.001047
0.001047
0.001046
0.001046
0.001046
0.001045
0.001045
0.001044
0.001044
0.001044
0.001043
0.001043
0.001042
0.001042
0.001041
0.001041
0.001040
0.001040
0.001039
0.001039
0.001039
0.001038
0.001038
0.001037
0.001037
0.001036
0.001035
0.001035
0.001034
0.001034
0.001033
0.001033
0.001032
0.001032
0.001031
0.001031
0.001030
0.001029
0.001029
0.001028
0.001028
0.001027
0.001026
0.001026
0.001025
0.001025
0.001024
0.001023
0.001023
0.001022
0.001021
0.001021
0.001020
0.001019
0.001019
0.001018
0.001017
0.001016
0.001016
0.001015
0.001014
0.001014
0.001013
0.001012
0.001011
0.001011
0.001010
0.001009
0.001008
0.001008
0.001007
0.001006
0.001005
0.001004
0.001003
0.001003
0.001002
0.001001
0.001000
0.000999
0.000998
0.000998
0.000997
0.000996
0.000995
0.000994
0.000993
0.000992
0.000991
0.000990
0.000990
0.000989
0.000988
0.000987
0.000986
0.000985
0.000984
0.000983
0.000982
0.000981
0.000980
0.000979
0.000978
0.000977
0.000976
0.000975
0.000974
0.000973
0.000972
0.000971
0.000970
0.000969
0.000968
0.000966
0.000965
0.000964
0.000963
0.000962
0.000961
0.000960
0.000959
0.000957
0.000956
0.000955
0.000954
0.000953
0.000952
0.000950
0.000949
0.000948
0.000947
0.000946
0.000944
0.000943
0.000942
0.000941
0.000939
0.000938
0.000937
0.000936
0.000934
0.000933
0.000932
0.000930
0.000929
0.000928
0.000926
0.000925
0.000924
0.000922
0.000921
0.000920
0.000918
0.000917
0.000916
0.000914
0.000913
0.000911
0.000910
0.000908
0.000907
0.000906
0.000904
0.000903
0.000901
0.000900
0.000898
0.000897
0.000895
0.000894
0.000892
0.000891
0.000889
0.000887
0.000886
0.000884
0.000883
0.000881
0.000880
0.000878
0.000876
0.000875
0.000873
0.000871
0.000870
0.000868
0.000866
0.000865
0.000863
0.000861
0.000860
0.000858
0.000856
0.000855
0.000853
0.000851
0.000849
0.000848
0.000846
0.000844
0.000842
0.000840
0.000839
0.000837
0.000835
0.000833
0.000831
0.000830
0.000828
0.000826
0.000824
0.000822
0.000820
0.000818
0.000816
0.000814
0.000812
0.000810
0.000809
0.000807
0.000805
0.000803
0.000801
0.000799
0.000797
0.000795
0.000793
0.000791
0.000789
0.000786
0.000784
0.000782
0.000780
0.000778
0.000776
0.000774
0.000772
0.000770
0.000768
0.000765
0.000763
0.000761
0.000759
0.000757
0.000754
0.000752
0.000750
0.000748
0.000746
0.000743
0.000741
0.000739
0.000737
0.000734
0.000732
0.000730
0.000727
0.000725
0.000723
0.000720
0.000718
0.000716
0.000713
0.000711
0.000708
0.000706
0.000704
0.000701
0.000699
0.000696
0.000694
0.000691
0.000689
0.000686
0.000684
0.000681
0.000679
0.000676
0.000674
0.000671
0.000668
0.000666
0.000663
0.000661
0.000658
0.000655
0.000653
0.000650
0.000648
0.000645
0.000642
0.000639
0.000637
0.000634
0.000631
0.000629
0.000626
0.000623
0.000620
0.000618
0.000615
0.000612
0.000609
0.000606
0.000603
0.000601
0.000598
0.000595
0.000592
0.000589
0.000586
0.000583
0.000580
0.000577
0.000574
0.000572
0.000569
0.000566
0.000563
0.000560
0.000557
0.000553
0.000550
0.000547
0.000544
0.000541
0.000538
0.000535
0.000532
0.000529
0.000526
0.000523
0.000519
0.000516
0.000513
0.000510
0.000507
0.000503
0.000500
0.000497
0.000494
0.000490
0.000487
0.000484
0.000480
0.000477
0.000474
0.000470
0.000467
0.000464
0.000460
0.000457
0.000454
0.000450
0.000447
0.000443
0.000440
0.000436
0.000433
0.000429
0.000426
0.000422
0.000419
0.000415
0.000412
0.000408
0.000404
0.000401
0.000397
0.000394
0.000390
0.000386
0.000383
0.000379
0.000375
0.000372
0.000368
0.000364
0.000360
0.000357
0.000353
0.000349
0.000345
0.000342
0.000338
0.000334
0.000330
0.000326
0.000322
0.000318
0.000314
0.000311
0.000307
0.000303
0.000299
0.000295
0.000291
0.000287
0.000283
0.000279
0.000275
0.000271
0.000267
0.000262
0.000258
0.000254
0.000250
0.000246
0.000242
0.000238
0.000233
0.000229
0.000225
0.000221
0.000217
0.000212
0.000208
0.000204
0.000200
0.000195
0.000191
0.000187
0.000182
0.000178
0.000173
0.000169
0.000165
0.000160
0.000156
0.000151
0.000147
0.000142
0.000138
0.000133
0.000129
0.000124
0.000120
0.000115
0.000111
0.000106
0.000101
0.000097
0.000092
0.000087
0.000083
0.000078
0.000073
0.000069
0.000064
0.000059
0.000054
0.000050
0.000045
0.000040
0.000035
0.000030
0.000025
0.000021
0.000016
0.000011
0.000006
0.000001
0.000004
0.000009
0.000014
0.000019
0.000024
0.000029
0.000034
0.000039
0.000044
0.000049
0.000055
0.000060
0.000065
0.000070
0.000075
0.000080
0.000086
0.000091
0.000096
0.000101
0.000107
0.000112
0.000117
0.000122
0.000128
0.000133
0.000139
0.000144
0.000149
0.000155
0.000160
0.000166
0.000171
0.000177
0.000182
0.000188
0.000193
0.000199
0.000204
0.000210
0.000215
0.000221
0.000227
0.000232
0.000238
0.000244
0.000249
0.000255
0.000261
0.000267
0.000273
0.000278
0.000284
0.000290
0.000296
0.000302
0.000308
0.000313
0.000319
0.000325
0.000331
0.000337
0.000343
0.000349
0.000355
0.000361
0.000367
0.000373
0.000379
0.000386
0.000392
0.000398
0.000404
0.000410
0.000416
0.000423
0.000429
0.000435
0.000441
0.000448
0.000454
0.000460
0.000467
0.000473
0.000479
0.000486
0.000492
0.000499
0.000505
0.000512
0.000518
0.000525
0.000531
0.000538
0.000544
0.000551
0.000557
0.000564
0.000571
0.000577
0.000584
0.000591
0.000597
0.000604
0.000611
0.000618
0.000624
0.000631
0.000638
0.000645
0.000652
0.000659
0.000666
0.000673
0.000680
0.000687
0.000693
0.000700
0.000708
0.000715
0.000722
0.000729
0.000736
0.000743
0.000750
0.000757
0.000764
0.000772
0.000779
0.000786
0.000793
0.000801
0.000808
0.000815
0.000823
0.000830
0.000837
0.000845
0.000852
0.000860
0.000867
0.000875
0.000882
0.000890
0.000897
0.000905
0.000912
0.000920
0.000928
0.000935
0.000943
0.000951
0.000958
0.000966
0.000974
0.000981
0.000989
0.000997
0.001005
0.001013
0.001021
0.001029
0.001036
0.001044
0.001052
0.001060
0.001068
0.001076
0.001084
0.001092
0.001101
0.001109
0.001117
0.001125
0.001133
0.001141
0.001150
0.001158
0.001166
0.001174
0.001183
0.001191
0.001199
0.001208
0.001216
0.001224
0.001233
0.001241
0.001250
0.001258
0.001267
0.001275
0.001284
0.001293
0.001301
0.001310
0.001318
0.001327
0.001336
0.001345
0.001353
0.001362
0.001371
0.001380
0.001388
0.001397
0.001406
0.001415
0.001424
0.001433
0.001442
0.001451
0.001460
0.001469
0.001478
0.001487
0.001496
0.001505
0.001515
0.001524
0.001533
0.001542
0.001551
0.001561
0.001570
0.001579
0.001589
0.001598
0.001607
0.001617
0.001626
0.001636
0.001645
0.001655
0.001664
0.001674
0.001683
0.001693
0.001703
0.001712
0.001722
0.001732
0.001741
0.001751
0.001761
0.001771
0.001780
0.001790
0.001800
0.001810
0.001820
0.001830
0.001840
0.001850
0.001860
0.001870
0.001880
0.001890
0.001900
0.001910
0.001920
0.001931
0.001941
0.001951
0.001961
0.001972
0.001982
0.001992
0.002003
0.002013
0.002023
0.002034
0.002044
0.002055
0.002065
0.002076
0.002086
0.002097
0.002108
0.002118
0.002129
0.002140
0.002150
0.002161
0.002172
0.002183
0.002194
0.002204
0.002215
0.002226
0.002237
0.002248
0.002259
0.002270
0.002281
0.002292
0.002303
0.002314
0.002325
0.002337
0.002348
0.002359
0.002370
0.002381
0.002393
0.002404
0.002415
0.002427
0.002438
0.002450
0.002461
0.002473
0.002484
0.002496
0.002507
0.002519
0.002530
0.002542
0.002554
0.002565
0.002577
0.002589
0.002601
0.002612
0.002624
0.002636
0.002648
0.002660
0.002672
0.002684
0.002696
0.002708
0.002720
0.002732
0.002744
0.002756
0.002768
0.002781
0.002793
0.002805
0.002817
0.002830
0.002842
0.002854
0.002867
0.002879
0.002892
0.002904
0.002917
0.002929
0.002942
0.002954
0.002967
0.002979
0.002992
0.003005
0.003018
0.003030
0.003043
0.003056
0.003069
0.003082
0.003095
0.003107
0.003120
0.003133
0.003146
0.003160
0.003173
0.003186
0.003199
0.003212
0.003225
0.003238
0.003252
0.003265
0.003278
0.003292
0.003305
0.003318
0.003332
0.003345
0.003359
0.003372
0.003386
0.003399
0.003413
0.003427
0.003440
0.003454
0.003468
0.003482
0.003495
0.003509
0.003523
0.003537
0.003551
0.003565
0.003579
0.003593
0.003607
0.003621
0.003635
0.003649
0.003663
0.003677
0.003692
0.003706
0.003720
0.003735
0.003749
0.003763
0.003778
0.003792
0.003807
0.003821
0.003836
0.003850
0.003865
0.003879
0.003894
0.003909
0.003923
0.003938
0.003953
0.003968
0.003983
0.003998
0.004012
0.004027
0.004042
0.004057
0.004072
0.004087
0.004103
0.004118
0.004133
0.004148
0.004163
0.004179
0.004194
0.004209
0.004225
0.004240
0.004255
0.004271
0.004286
0.004302
0.004317
0.004333
0.004349
0.004364
0.004380
0.004396
0.004412
0.004427
0.004443
0.004459
0.004475
0.004491
0.004507
0.004523
0.004539
0.004555
0.004571
0.004587
0.004603
0.004619
0.004636
0.004652
0.004668
0.004685
0.004701
0.004717
0.004734
0.004750
0.004767
0.004783
0.004800
0.004816
0.004833
0.004850
0.004866
0.004883
0.004900
0.004917
0.004934
0.004950
0.004967
0.004984
0.005001
0.005018
0.005035
0.005052
0.005069
0.005087
0.005104
0.005121
0.005138
0.005156
0.005173
0.005190
0.005208
0.005225
0.005243
0.005260
0.005278
0.005295
0.005313
0.005330
0.005348
0.005366
0.005384
0.005401
0.005419
0.005437
0.005455
0.005473
0.005491
0.005509
0.005527
0.005545
0.005563
0.005581
0.005599
0.005618
0.005636
0.005654
0.005673
0.005691
0.005709
0.005728
0.005746
0.005765
0.005783
0.005802
0.005821
0.005839
0.005858
0.005877
0.005895
0.005914
0.005933
0.005952
0.005971
0.005990
0.006009
0.006028
0.006047
0.006066
0.006085
0.006104
0.006124
0.006143
0.006162
0.006182
0.006201
0.006220
0.006240
0.006259
0.006279
0.006298
0.006318
0.006338
0.006357
0.006377
0.006397
0.006417
0.006436
0.006456
0.006476
0.006496
0.006516
0.006536
0.006556
0.006576
0.006596
0.006617
0.006637
0.006657
0.006677
0.006698
0.006718
0.006738
0.006759
0.006779
0.006800
0.006820
0.006841
0.006862
0.006882
0.006903
0.006924
0.006945
0.006966
0.006986
0.007007
0.007028
0.007049
0.007070
0.007091
0.007113
0.007134
0.007155
0.007176
0.007198
0.007219
0.007240
0.007262
0.007283
0.007305
0.007326
0.007348
0.007369
0.007391
0.007413
0.007434
0.007456
0.007478
0.007500
0.007522
0.007544
0.007566
0.007588
0.007610
0.007632
0.007654
0.007676
0.007698
0.007721
0.007743
0.007765
0.007788
0.007810
0.007832
0.007855
0.007878
0.007900
0.007923
0.007945
0.007968
0.007991
0.008014
0.008037
0.008059
0.008082
0.008105
0.008128
0.008151
0.008175
0.008198
0.008221
0.008244
0.008267
0.008291
0.008314
0.008337
0.008361
0.008384
0.008408
0.008432
0.008455
0.008479
0.008502
0.008526
0.008550
0.008574
0.008598
0.008622
0.008646
0.008670
0.008694
0.008718
0.008742
0.008766
0.008790
0.008815
0.008839
0.008863
0.008888
0.008912
0.008937
0.008961
0.008986
0.009010
0.009035
0.009060
0.009084
0.009109
0.009134
0.009159
0.009184
0.009209
0.009234
0.009259
0.009284
0.009309
0.009334
0.009360
0.009385
0.009410
0.009435
0.009461
0.009486
0.009512
0.009537
0.009563
0.009589
0.009614
0.009640
0.009666
0.009692
0.009718
0.009743
0.009769
0.009795
0.009822
0.009848
0.009874
0.009900
0.009926
0.009952
0.009979
0.010005
0.010032
0.010058
0.010085
0.010111
0.010138
0.010164
0.010191
0.010218
0.010245
0.010271
0.010298
0.010325
0.010352
0.010379
0.010406
0.010433
0.010461
0.010488
0.010515
0.010542
0.010570
0.010597
0.010625
0.010652
0.010680
0.010707
0.010735
0.010763
0.010790
0.010818
0.010846
0.010874
0.010902
0.010930
0.010958
0.010986
0.011014
0.011042
0.011070
0.011098
0.011127
0.011155
0.011184
0.011212
0.011240
0.011269
0.011298
0.011326
0.011355
0.011384
0.011413
0.011441
0.011470
0.011499
0.011528
0.011557
0.011586
0.011615
0.011645
0.011674
0.011703
0.011732
0.011762
0.011791
0.011821
0.011850
0.011880
0.011909
0.011939
0.011969
0.011999
0.012028
0.012058
0.012088
0.012118
0.012148
0.012178
0.012208
0.012239
0.012269
0.012299
0.012329
0.012360
0.012390
0.012421
0.012451
0.012482
0.012512
0.012543
0.012574
0.012605
0.012635
0.012666
0.012697
0.012728
0.012759
0.012790
0.012821
0.012853
0.012884
0.012915
0.012946
0.012978
0.013009
0.013041
0.013072
0.013104
0.013136
0.013167
0.013199
0.013231
0.013263
0.013295
0.013327
0.013359
0.013391
0.013423
0.013455
0.013487
0.013519
0.013552
0.013584
0.013616
0.013649
0.013681
0.013714
0.013747
0.013779
0.013812
0.013845
0.013878
0.013911
0.013944
0.013977
0.014010
0.014043
0.014076
0.014109
0.014142
0.014176
0.014209
0.014243
0.014276
0.014310
0.014343
0.014377
0.014410
0.014444
0.014478
0.014512
0.014546
0.014580
0.014614
0.014648
0.014682
0.014716
0.014750
0.014785
0.014819
0.014853
0.014888
0.014922
0.014957
0.014992
0.015026
0.015061
0.015096
0.015131
0.015165
0.015200
0.015235
0.015270
0.015305
0.015341
0.015376
0.015411
0.015446
0.015482
0.015517
0.015553
0.015588
0.015624
0.015660
0.015695
0.015731
0.015767
0.015803
0.015839
0.015875
0.015911
0.015947
0.015983
0.016019
0.016055
0.016092
0.016128
0.016165
0.016201
0.016238
0.016274
0.016311
0.016348
0.016384
0.016421
0.016458
0.016495
0.016532
0.016569
0.016606
0.016643
0.016681
0.016718
0.016755
0.016793
0.016830
0.016868
0.016905
0.016943
0.016980
0.017018
0.017056
0.017094
0.017132
0.017170
0.017208
0.017246
0.017284
0.017322
0.017360
0.017399
0.017437
0.017476
0.017514
0.017553
0.017591
0.017630
0.017669
0.017707
0.017746
0.017785
0.017824
0.017863
0.017902
0.017941
0.017980
0.018020
0.018059
0.018098
0.018138
0.018177
0.018217
0.018256
0.018296
0.018336
0.018375
0.018415
0.018455
0.018495
0.018535
0.018575
0.018615
0.018656
0.018696
0.018736
0.018776
0.018817
0.018857
0.018898
0.018939
0.018979
0.019020
0.019061
0.019102
0.019142
0.019183
0.019224
0.019265
0.019307
0.019348
0.019389
0.019430
0.019472
0.019513
0.019555
0.019596
0.019638
0.019680
0.019721
0.019763
0.019805
0.019847
0.019889
0.019931
0.019973
0.020015
0.020058
0.020100
0.020142
0.020185
0.020227
0.020270
0.020312
0.020355
0.020398
0.020440
0.020483
0.020526
0.020569
0.020612
0.020655
0.020698
0.020742
0.020785
0.020828
0.020872
0.020915
0.020959
0.021002
0.021046
0.021090
0.021133
0.021177
0.021221
0.021265
0.021309
0.021353
0.021397
0.021442
0.021486
0.021530
0.021575
0.021619
0.021664
0.021708
0.021753
0.021797
0.021842
0.021887
0.021932
0.021977
0.022022
0.022067
0.022112
0.022157
0.022203
0.022248
0.022294
0.022339
0.022385
0.022430
0.022476
0.022522
0.022567
0.022613
0.022659
0.022705
0.022751
0.022797
0.022843
0.022890
0.022936
0.022982
0.023029
0.023075
0.023122
0.023168
0.023215
0.023262
0.023309
0.023356
0.023403
0.023450
0.023497
0.023544
0.023591
0.023638
0.023686
0.023733
0.023780
0.023828
0.023876
0.023923
0.023971
0.024019
0.024067
0.024115
0.024163
0.024211
0.024259
0.024307
0.024355
0.024404
0.024452
0.024500
0.024549
0.024597
0.024646
0.024695
0.024744
0.024792
0.024841
0.024890
0.024939
0.024989
0.025038
0.025087
0.025136
0.025186
0.025235
0.025285
0.025334
0.025384
0.025433
0.025483
0.025533
0.025583
0.025633
0.025683
0.025733
0.025783
0.025834
0.025884
0.025934
0.025985
0.026035
0.026086
0.026136
0.026187
0.026238
0.026289
0.026340
0.026391
0.026442
0.026493
0.026544
0.026595
0.026647
0.026698
0.026749
0.026801
0.026853
0.026904
0.026956
0.027008
0.027060
0.027112
0.027164
0.027216
0.027268
0.027320
0.027372
0.027425
0.027477
0.027530
0.027582
0.027635
0.027687
0.027740
0.027793
0.027846
0.027899
0.027952
0.028005
0.028058
0.028111
0.028165
0.028218
0.028272
0.028325
0.028379
0.028432
0.028486
0.028540
0.028594
0.028648
0.028702
0.028756
0.028810
0.028864
0.028918
0.028973
0.029027
0.029082
0.029136
0.029191
0.029246
0.029300
0.029355
0.029410
0.029465
0.029520
0.029575
0.029630
0.029686
0.029741
0.029796
0.029852
0.029907
0.029963
0.030019
0.030074
0.030130
0.030186
0.030242
0.030298
0.030354
0.030410
0.030467
0.030523
0.030579
0.030636
0.030692
0.030749
0.030806
0.030863
0.030919
0.030976
0.031033
0.031090
0.031147
0.031205
0.031262
0.031319
0.031376
0.031434
0.031492
0.031549
0.031607
0.031665
0.031722
0.031780
0.031838
0.031896
0.031954
0.032013
0.032071
0.032129
0.032188
0.032246
0.032305
0.032363
0.032422
0.032481
0.032540
0.032598
0.032657
0.032716
0.032776
0.032835
0.032894
0.032953
0.033013
0.033072
0.033132
0.033192
0.033251
0.033311
0.033371
0.033431
0.033491
0.033551
0.033611
0.033671
0.033732
0.033792
0.033852
0.033913
0.033974
0.034034
0.034095
0.034156
0.034217
0.034278
0.034339
0.034400
0.034461
0.034522
0.034584
0.034645
0.034706
0.034768
0.034830
0.034891
0.034953
0.035015
0.035077
0.035139
0.035201
0.035263
0.035325
0.035388
0.035450
0.035512
0.035575
0.035637
0.035700
0.035763
0.035826
0.035889
0.035952
0.036015
0.036078
0.036141
0.036204
0.036268
0.036331
0.036394
0.036458
0.036522
0.036585
0.036649
0.036713
0.036777
0.036841
0.036905
0.036969
0.037034
0.037098
0.037162
0.037227
0.037291
0.037356
0.037421
0.037485
0.037550
0.037615
0.037680
0.037745
0.037810
0.037876
0.037941
0.038006
0.038072
0.038137
0.038203
0.038269
0.038334
0.038400
0.038466
0.038532
0.038598
0.038664
0.038731
0.038797
0.038863
0.038930
0.038996
0.039063
0.039130
0.039196
0.039263
0.039330
0.039397
0.039464
0.039531
0.039598
0.039666
0.039733
0.039801
0.039868
0.039936
0.040003
0.040071
0.040139
0.040207
0.040275
0.040343
0.040411
0.040479
0.040548
0.040616
0.040685
0.040753
0.040822
0.040890
0.040959
0.041028
0.041097
0.041166
0.041235
0.041304
0.041373
0.041443
0.041512
0.041582
0.041651
0.041721
0.041791
0.041860
0.041930
0.042000
0.042070
0.042140
0.042210
0.042281
0.042351
0.042421
0.042492
0.042562
0.042633
0.042704
0.042775
0.042846
0.042917
0.042988
0.043059
0.043130
0.043201
0.043273
0.043344
0.043415
0.043487
0.043559
0.043630
0.043702
0.043774
0.043846
0.043918
0.043990
0.044063
0.044135
0.044207
0.044280
0.044352
0.044425
0.044498
0.044570
0.044643
0.044716
0.044789
0.044862
0.044936
0.045009
0.045082
0.045156
0.045229
0.045303
0.045376
0.045450
0.045524
0.045598
0.045672
0.045746
0.045820
0.045894
0.045969
0.046043
0.046117
0.046192
0.046267
0.046341
0.046416
0.046491
0.046566
0.046641
0.046716
0.046791
0.046866
0.046942
0.047017
0.047093
0.047168
0.047244
0.047320
0.047396
0.047472
0.047548
0.047624
0.047700
0.047776
0.047852
0.047929
0.048005
0.048082
0.048158
0.048235
0.048312
0.048389
0.048466
0.048543
0.048620
0.048697
0.048774
0.048852
0.048929
0.049007
0.049084
0.049162
0.049240
0.049318
0.049396
0.049474
0.049552
0.049630
0.049708
0.049787
0.049865
0.049944
0.050022
0.050101
0.050180
0.050258
0.050337
0.050416
0.050495
0.050575
0.050654
0.050733
0.050813
0.050892
0.050972
0.051051
0.051131
0.051211
0.051291
0.051371
0.051451
0.051531
0.051611
0.051692
0.051772
0.051853
0.051933
0.052014
0.052094
0.052175
0.052256
0.052337
0.052418
0.052499
0.052581
0.052662
0.052743
0.052825
0.052906
0.052988
0.053070
0.053152
0.053233
0.053315
0.053397
0.053480
0.053562
0.053644
0.053727
0.053809
0.053892
0.053974
0.054057
0.054140
0.054223
0.054306
0.054389
0.054472
0.054555
0.054638
0.054722
0.054805
0.054889
0.054972
0.055056
0.055140
0.055224
0.055308
0.055392
0.055476
0.055560
0.055644
0.055729
0.055813
0.055898
0.055982
0.056067
0.056152
0.056237
0.056322
0.056407
0.056492
0.056577
0.056663
0.056748
0.056834
0.056919
0.057005
0.057090
0.057176
0.057262
0.057348
0.057434
0.057520
0.057607
0.057693
0.057779
0.057866
0.057952
0.058039
0.058126
0.058213
0.058300
0.058387
0.058474
0.058561
0.058648
0.058735
0.058823
0.058910
0.058998
0.059086
0.059173
0.059261
0.059349
0.059437
0.059525
0.059613
0.059702
0.059790
0.059878
0.059967
0.060055
0.060144
0.060233
0.060322
0.060411
0.060500
0.060589
0.060678
0.060767
0.060857
0.060946
0.061036
0.061125
0.061215
0.061305
0.061395
0.061485
0.061575
0.061665
0.061755
0.061845
0.061936
0.062026
0.062117
0.062207
0.062298
0.062389
0.062480
0.062571
0.062662
0.062753
0.062844
0.062936
0.063027
0.063118
0.063210
0.063302
0.063393
0.063485
0.063577
0.063669
0.063761
0.063853
0.063946
0.064038
0.064131
0.064223
0.064316
0.064408
0.064501
0.064594
0.064687
0.064780
0.064873
0.064966
0.065060
0.065153
0.065246
0.065340
0.065434
0.065527
0.065621
0.065715
0.065809
0.065903
0.065997
0.066091
0.066186
0.066280
0.066375
0.066469
0.066564
0.066659
0.066753
0.066848
0.066943
0.067039
0.067134
0.067229
0.067324
0.067420
0.067515
0.067611
0.067707
0.067802
0.067898
0.067994
0.068090
0.068186
0.068283
0.068379
0.068475
0.068572
0.068668
0.068765
0.068862
0.068959
0.069055
0.069152
0.069249
0.069347
0.069444
0.069541
0.069639
0.069736
0.069834
0.069931
0.070029
0.070127
0.070225
0.070323
0.070421
0.070519
0.070618
0.070716
0.070815
0.070913
0.071012
0.071110
0.071209
0.071308
0.071407
0.071506
0.071605
0.071705
0.071804
0.071903
0.072003
0.072102
0.072202
0.072302
0.072402
0.072502
0.072602
0.072702
0.072802
0.072902
0.073003
0.073103
0.073204
0.073304
0.073405
0.073506
0.073607
0.073708
0.073809
0.073910
0.074011
0.074112
0.074214
0.074315
0.074417
0.074519
0.074620
0.074722
0.074824
0.074926
0.075028
0.075130
0.075233
0.075335
0.075437
0.075540
0.075643
0.075745
0.075848
0.075951
0.076054
0.076157
0.076260
0.076363
0.076467
0.076570
0.076674
0.076777
0.076881
0.076985
0.077089
0.077193
0.077297
0.077401
0.077505
0.077609
0.077713
0.077818
0.077922
0.078027
0.078132
0.078237
0.078342
0.078446
0.078552
0.078657
0.078762
0.078867
0.078973
0.079078
0.079184
0.079289
0.079395
0.079501
0.079607
0.079713
0.079819
0.079925
0.080032
0.080138
0.080244
0.080351
0.080458
0.080564
0.080671
0.080778
0.080885
0.080992
0.081099
0.081207
0.081314
0.081421
0.081529
0.081636
0.081744
0.081852
0.081960
0.082068
0.082176
0.082284
0.082392
0.082500
0.082609
0.082717
0.082826
0.082934
0.083043
0.083152
0.083261
0.083370
0.083479
0.083588
0.083697
0.083807
0.083916
0.084025
0.084135
0.084245
0.084354
0.084464
0.084574
0.084684
0.084794
0.084905
0.085015
0.085125
0.085236
0.085346
0.085457
0.085568
0.085679
0.085789
0.085900
0.086012
0.086123
0.086234
0.086345
0.086457
0.086568
0.086680
0.086792
0.086903
0.087015
0.087127
0.087239
0.087351
0.087464
0.087576
0.087688
0.087801
0.087913
0.088026
0.088139
0.088251
0.088364
0.088477
0.088590
0.088704
0.088817
0.088930
0.089044
0.089157
0.089271
0.089384
0.089498
0.089612
0.089726
0.089840
0.089954
0.090068
0.090183
0.090297
0.090412
0.090526
0.090641
0.090756
0.090870
0.090985
0.091100
0.091215
0.091331
0.091446
0.091561
0.091677
0.091792
0.091908
0.092023
0.092139
0.092255
0.092371
0.092487
0.092603
0.092719
0.092836
0.092952
0.093069
0.093185
0.093302
0.093419
0.093535
0.093652
0.093769
0.093886
0.094004
0.094121
0.094238
0.094356
0.094473
0.094591
0.094708
0.094826
0.094944
0.095062
0.095180
0.095298
0.095416
0.095535
0.095653
0.095772
0.095890
0.096009
0.096127
0.096246
0.096365
0.096484
0.096603
0.096722
0.096842
0.096961
0.097080
0.097200
0.097320
0.097439
0.097559
0.097679
0.097799
0.097919
0.098039
0.098159
0.098279
0.098400
0.098520
0.098641
0.098761
0.098882
0.099003
0.099124
0.099245
0.099366
0.099487
0.099608
0.099730
0.099851
0.099973
0.100094
0.100216
0.100338
0.100459
0.100581
0.100703
0.100825
0.100948
0.101070
0.101192
0.101315
0.101437
0.101560
0.101682
0.101805
0.101928
0.102051
0.102174
0.102297
0.102420
0.102544
0.102667
0.102791
0.102914
0.103038
0.103162
0.103285
0.103409
0.103533
0.103657
0.103782
0.103906
0.104030
0.104155
0.104279
0.104404
0.104528
0.104653
0.104778
0.104903
0.105028
0.105153
0.105278
0.105403
0.105529
0.105654
0.105780
0.105905
0.106031
0.106157
0.106283
0.106409
0.106535
0.106661
0.106787
0.106913
0.107040
0.107166
0.107293
0.107419
0.107546
0.107673
0.107800
0.107927
0.108054
0.108181
0.108308
0.108435
0.108563
0.108690
0.108818
0.108946
0.109073
0.109201
0.109329
0.109457
0.109585
0.109713
0.109842
0.109970
0.110098
0.110227
0.110355
0.110484
0.110613
0.110742
0.110871
0.111000
0.111129
0.111258
0.111387
0.111516
0.111646
0.111775
0.111905
0.112035
0.112164
0.112294
0.112424
0.112554
0.112684
0.112815
0.112945
0.113075
0.113206
0.113336
0.113467
0.113597
0.113728
0.113859
0.113990
0.114121
0.114252
0.114383
0.114515
0.114646
0.114778
0.114909
0.115041
0.115172
0.115304
0.115436
0.115568
0.115700
0.115832
0.115964
0.116097
0.116229
0.116361
0.116494
0.116627
0.116759
0.116892
0.117025
0.117158
0.117291
0.117424
0.117557
0.117691
0.117824
0.117957
0.118091
0.118225
0.118358
0.118492
0.118626
0.118760
0.118894
0.119028
0.119162
0.119296
0.119431
0.119565
0.119700
0.119834
0.119969
0.120104
0.120239
0.120374
0.120509
0.120644
0.120779
0.120914
0.121050
0.121185
0.121321
0.121456
0.121592
0.121728
0.121864
0.121999
0.122135
0.122272
0.122408
0.122544
0.122680
0.122817
0.122953
0.123090
0.123227
0.123363
0.123500
0.123637
0.123774
0.123911
0.124048
0.124186
0.124323
0.124460
0.124598
0.124735
0.124873
0.125011
0.125149
0.125286
0.125424
0.125562
0.125701
0.125839
0.125977
0.126115
0.126254
0.126392
0.126531
0.126670
0.126809
0.126947
0.127086
0.127225
0.127365
0.127504
0.127643
0.127782
0.127922
0.128061
0.128201
0.128341
0.128480
0.128620
0.128760
0.128900
0.129040
0.129180
0.129321
0.129461
0.129601
0.129742
0.129882
0.130023
0.130164
0.130305
0.130445
0.130586
0.130727
0.130868
0.131010
0.131151
0.131292
0.131434
0.131575
0.131717
0.131859
0.132000
0.132142
0.132284
0.132426
0.132568
0.132710
0.132853
0.132995
0.133137
0.133280
0.133422
0.133565
0.133708
0.133850
0.133993
0.134136
0.134279
0.134422
0.134566
0.134709
0.134852
0.134996
0.135139
0.135283
0.135426
0.135570
0.135714
0.135858
0.136002
0.136146
0.136290
0.136434
0.136578
0.136723
0.136867
0.137012
0.137156
0.137301
0.137446
0.137590
0.137735
0.137880
0.138025
0.138171
0.138316
0.138461
0.138606
0.138752
0.138897
0.139043
0.139189
0.139334
0.139480
0.139626
0.139772
0.139918
0.140064
0.140211
0.140357
0.140503
0.140650
0.140796
0.140943
0.141090
0.141236
0.141383
0.141530
0.141677
0.141824
0.141971
0.142119
0.142266
0.142413
0.142561
0.142708
0.142856
0.143004
0.143151
0.143299
0.143447
0.143595
0.143743
0.143891
0.144039
0.144188
0.144336
0.144484
0.144633
0.144782
0.144930
0.145079
0.145228
0.145377
0.145526
0.145675
0.145824
0.145973
0.146122
0.146272
0.146421
0.146571
0.146720
0.146870
0.147019
0.147169
0.147319
0.147469
0.147619
0.147769
0.147919
0.148070
0.148220
0.148370
0.148521
0.148671
0.148822
0.148973
0.149123
0.149274
0.149425
0.149576
0.149727
0.149878
0.150029
0.150181
0.150332
0.150484
0.150635
0.150787
0.150938
0.151090
0.151242
0.151394
0.151546
0.151698
0.151850
0.152002
0.152154
0.152306
0.152459
0.152611
0.152764
0.152916
0.153069
0.153222
0.153375
0.153527
0.153680
0.153833
0.153987
0.154140
0.154293
0.154446
0.154600
0.154753
0.154907
0.155060
0.155214
0.155368
0.155522
0.155675
0.155829
0.155983
0.156138
0.156292
0.156446
0.156600
0.156755
0.156909
0.157064
0.157218
0.157373
0.157528
0.157683
0.157838
0.157993
0.158148
0.158303
0.158458
0.158613
0.158768
0.158924
0.159079
0.159235
0.159390
0.159546
0.159702
0.159858
0.160014
0.160169
0.160326
0.160482
0.160638
0.160794
0.160950
0.161107
0.161263
0.161420
0.161576
0.161733
0.161890
0.162046
0.162203
0.162360
0.162517
0.162674
0.162831
0.162989
0.163146
0.163303
0.163461
0.163618
0.163776
0.163933
0.164091
0.164249
0.164407
0.164564
0.164722
0.164880
0.165039
0.165197
0.165355
0.165513
0.165672
0.165830
0.165989
0.166147
0.166306
0.166464
0.166623
0.166782
0.166941
0.167100
0.167259
0.167418
0.167577
0.167737
0.167896
0.168055
0.168215
0.168374
0.168534
0.168693
0.168853
0.169013
0.169173
0.169333
0.169493
0.169653
0.169813
0.169973
0.170133
0.170294
0.170454
0.170614
0.170775
0.170935
0.171096
0.171257
0.171418
0.171578
0.171739
0.171900
0.172061
0.172222
0.172383
0.172545
0.172706
0.172867
0.173029
0.173190
0.173352
0.173513
0.173675
0.173837
0.173999
0.174161
0.174322
0.174484
0.174647
0.174809
0.174971
0.175133
0.175295
0.175458
0.175620
0.175783
0.175945
0.176108
0.176271
0.176433
0.176596
0.176759
0.176922
0.177085
0.177248
0.177411
0.177575
0.177738
0.177901
0.178065
0.178228
0.178392
0.178555
0.178719
0.178883
0.179046
0.179210
0.179374
0.179538
0.179702
0.179866
0.180030
0.180194
0.180359
0.180523
0.180687
0.180852
0.181016
0.181181
0.181346
0.181510
0.181675
0.181840
0.182005
0.182170
0.182335
0.182500
0.182665
0.182830
0.182995
0.183161
0.183326
0.183491
0.183657
0.183822
0.183988
0.184154
0.184319
0.184485
0.184651
0.184817
0.184983
0.185149
0.185315
0.185481
0.185647
0.185814
0.185980
0.186146
0.186313
0.186479
0.186646
0.186812
0.186979
0.187146
0.187313
0.187479
0.187646
0.187813
0.187980
0.188147
0.188315
0.188482
0.188649
0.188816
0.188984
0.189151
0.189319
0.189486
0.189654
0.189821
0.189989
0.190157
0.190325
0.190493
0.190661
0.190829
0.190997
0.191165
0.191333
0.191501
0.191669
0.191838
0.192006
0.192175
0.192343
0.192512
0.192680
0.192849
0.193018
0.193186
0.193355
0.193524
0.193693
0.193862
0.194031
0.194200
0.194370
0.194539
0.194708
0.194877
0.195047
0.195216
0.195386
0.195555
0.195725
0.195895
0.196064
0.196234
0.196404
0.196574
0.196744
0.196914
0.197084
0.197254
0.197424
0.197594
0.197765
0.197935
0.198105
0.198276
0.198446
0.198617
0.198787
0.198958
0.199129
0.199299
0.199470
0.199641
0.199812
0.199983
0.200154
0.200325
0.200496
0.200667
0.200838
0.201010
0.201181
0.201352
0.201524
0.201695
0.201867
0.202038
0.202210
0.202382
0.202553
0.202725
0.202897
0.203069
0.203241
0.203413
0.203585
0.203757
0.203929
0.204101
0.204273
0.204446
0.204618
0.204790
0.204963
0.205135
0.205308
0.205480
0.205653
0.205826
0.205998
0.206171
0.206344
0.206517
0.206690
0.206863
0.207036
0.207209
0.207382
0.207555
0.207728
0.207902
0.208075
0.208248
0.208422
0.208595
0.208769
0.208942
0.209116
0.209290
0.209463
0.209637
0.209811
0.209985
0.210159
0.210333
0.210507
0.210681
0.210855
0.211029
0.211203
0.211377
0.211551
0.211726
0.211900
0.212075
0.212249
0.212424
0.212598
0.212773
0.212947
0.213122
0.213297
0.213471
0.213646
0.213821
0.213996
0.214171
0.214346
0.214521
0.214696
0.214871
0.215047
0.215222
0.215397
0.215572
0.215748
0.215923
0.216099
0.216274
0.216450
0.216625
0.216801
0.216976
0.217152
0.217328
0.217504
0.217680
0.217855
0.218031
0.218207
0.218383
0.218559
0.218736
0.218912
0.219088
0.219264
0.219440
0.219617
0.219793
0.219969
0.220146
0.220322
0.220499
0.220675
0.220852
0.221029
0.221205
0.221382
0.221559
0.221736
0.221913
0.222089
0.222266
0.222443
0.222620
0.222797
0.222975
0.223152
0.223329
0.223506
0.223683
0.223861
0.224038
0.224215
0.224393
0.224570
0.224748
0.224925
0.225103
0.225281
0.225458
0.225636
0.225814
0.225991
0.226169
0.226347
0.226525
0.226703
0.226881
0.227059
0.227237
0.227415
0.227593
0.227771
0.227950
0.228128
0.228306
0.228484
0.228663
0.228841
0.229020
0.229198
0.229377
0.229555
0.229734
0.229912
0.230091
0.230270
0.230448
0.230627
0.230806
0.230985
0.231164
0.231342
0.231521
0.231700
0.231879
0.232058
0.232238
0.232417
0.232596
0.232775
0.232954
0.233133
0.233313
0.233492
0.233671
0.233851
0.234030
0.234210
0.234389
0.234569
0.234748
0.234928
0.235108
0.235287
0.235467
0.235647
0.235826
0.236006
0.236186
0.236366
0.236546
0.236726
0.236906
0.237086
0.237266
0.237446
0.237626
0.237806
0.237986
0.238167
0.238347
0.238527
0.238707
0.238888
0.239068
0.239248
0.239429
0.239609
0.239790
0.239970
0.240151
0.240331
0.240512
0.240693
0.240873
0.241054
0.241235
0.241415
0.241596
0.241777
0.241958
0.242139
0.242320
0.242501
0.242682
0.242863
0.243044
0.243225
0.243406
0.243587
0.243768
0.243949
0.244131
0.244312
0.244493
0.244674
0.244856
0.245037
0.245218
0.245400
0.245581
0.245763
0.245944
0.246126
0.246307
0.246489
0.246670
0.246852
0.247034
0.247215
0.247397
0.247579
0.247761
0.247942
0.248124
0.248306
0.248488
0.248670
0.248852
0.249034
0.249216
0.249398
0.249580
0.249762
0.249944
0.250126
0.250308
0.250490
0.250672
0.250854
0.251037
0.251219
0.251401
0.251584
0.251766
0.251948
0.252131
0.252313
0.252495
0.252678
0.252860
0.253043
0.253225
0.253408
0.253590
0.253773
0.253956
0.254138
0.254321
0.254504
0.254686
0.254869
0.255052
0.255235
0.255417
0.255600
0.255783
0.255966
0.256149
0.256332
0.256515
0.256698
0.256880
0.257063
0.257246
0.257430
0.257613
0.257796
0.257979
0.258162
0.258345
0.258528
0.258711
0.258895
0.259078
0.259261
0.259444
0.259627
0.259811
0.259994
0.260177
0.260361
0.260544
0.260728
0.260911
0.261094
0.261278
0.261461
0.261645
0.261828
0.262012
0.262195
0.262379
0.262563
0.262746
0.262930
0.263113
0.263297
0.263481
0.263664
0.263848
0.264032
0.264216
0.264399
0.264583
0.264767
0.264951
0.265135
0.265318
0.265502
0.265686
0.265870
0.266054
0.266238
0.266422
0.266606
0.266790
0.266974
0.267158
0.267342
0.267526
0.267710
0.267894
0.268078
0.268262
0.268446
0.268630
0.268814
0.268998
0.269183
0.269367
0.269551
0.269735
0.269919
0.270104
0.270288
0.270472
0.270656
0.270841
0.271025
0.271209
0.271394
0.271578
0.271762
0.271947
0.272131
0.272315
0.272500
0.272684
0.272869
0.273053
0.273238
0.273422
0.273606
0.273791
0.273975
0.274160
0.274344
0.274529
0.274713
0.274898
0.275083
0.275267
0.275452
0.275636
0.275821
0.276006
0.276190
0.276375
0.276559
0.276744
0.276929
0.277113
0.277298
0.277483
0.277667
0.277852
0.278037
0.278222
0.278406
0.278591
0.278776
0.278961
0.279145
0.279330
0.279515
0.279700
0.279884
0.280069
0.280254
0.280439
0.280624
0.280808
0.280993
0.281178
0.281363
0.281548
0.281733
0.281918
0.282102
0.282287
0.282472
0.282657
0.282842
0.283027
0.283212
0.283397
0.283582
0.283767
0.283952
0.284137
0.284321
0.284506
0.284691
0.284876
0.285061
0.285246
0.285431
0.285616
0.285801
0.285986
0.286171
0.286356
0.286541
0.286726
0.286911
0.287096
0.287281
0.287466
0.287651
0.287836
0.288021
0.288206
0.288391
0.288576
0.288761
0.288946
0.289131
0.289316
0.289501
0.289686
0.289872
0.290057
0.290242
0.290427
0.290612
0.290797
0.290982
0.291167
0.291352
0.291537
0.291722
0.291907
0.292092
0.292277
0.292462
0.292647
0.292832
0.293017
0.293202
0.293387
0.293573
0.293758
0.293943
0.294128
0.294313
0.294498
0.294683
0.294868
0.295053
0.295238
0.295423
0.295608
0.295793
0.295978
0.296163
0.296348
0.296533
0.296718
0.296903
0.297088
0.297273
0.297458
0.297643
0.297828
0.298013
0.298198
0.298383
0.298568
0.298753
0.298938
0.299123
0.299308
0.299493
0.299678
0.299863
0.300048
0.300233
0.300418
0.300603
0.300788
0.300973
0.301157
0.301342
0.301527
0.301712
0.301897
0.302082
0.302267
0.302452
0.302637
0.302821
0.303006
0.303191
0.303376
0.303561
0.303746
0.303931
0.304115
0.304300
0.304485
0.304670
0.304855
0.305039
0.305224
0.305409
0.305594
0.305778
0.305963
0.306148
0.306333
0.306517
0.306702
0.306887
0.307071
0.307256
0.307441
0.307625
0.307810
0.307995
0.308179
0.308364
0.308548
0.308733
0.308918
0.309102
0.309287
0.309471
0.309656
0.309840
0.310025
0.310209
0.310394
0.310578
0.310763
0.310947
0.311132
0.311316
0.311501
0.311685
0.311870
0.312054
0.312238
0.312423
0.312607
0.312791
0.312976
0.313160
0.313344
0.313529
0.313713
0.313897
0.314081
0.314266
0.314450
0.314634
0.314818
0.315002
0.315187
0.315371
0.315555
0.315739
0.315923
0.316107
0.316291
0.316475
0.316659
0.316843
0.317028
0.317212
0.317396
0.317579
0.317763
0.317947
0.318131
0.318315
0.318499
0.318683
0.318867
0.319051
0.319234
0.319418
0.319602
0.319786
0.319970
0.320153
0.320337
0.320521
0.320704
0.320888
0.321072
0.321255
0.321439
0.321623
0.321806
0.321990
0.322173
0.322357
0.322540
0.322724
0.322907
0.323091
0.323274
0.323458
0.323641
0.323824
0.324008
0.324191
0.324374
0.324558
0.324741
0.324924
0.325107
0.325291
0.325474
0.325657
0.325840
0.326023
0.326206
0.326389
0.326572
0.326755
0.326938
0.327121
0.327304
0.327487
0.327670
0.327853
0.328036
0.328219
0.328402
0.328585
0.328767
0.328950
0.329133
0.329316
0.329498
0.329681
0.329864
0.330046
0.330229
0.330411
0.330594
0.330776
0.330959
0.331141
0.331324
0.331506
0.331689
0.331871
0.332054
0.332236
0.332418
0.332600
0.332783
0.332965
0.333147
0.333329
0.333511
0.333694
0.333876
0.334058
0.334240
0.334422
0.334604
0.334786
0.334968
0.335150
0.335332
0.335513
0.335695
0.335877
0.336059
0.336241
0.336422
0.336604
0.336786
0.336967
0.337149
0.337331
0.337512
0.337694
0.337875
0.338057
0.338238
0.338419
0.338601
0.338782
0.338964
0.339145
0.339326
0.339507
0.339689
0.339870
0.340051
0.340232
0.340413
0.340594
0.340775
0.340956
0.341137
0.341318
0.341499
0.341680
0.341861
0.342042
0.342222
0.342403
0.342584
0.342764
0.342945
0.343126
0.343306
0.343487
0.343667
0.343848
0.344028
0.344209
0.344389
0.344570
0.344750
0.344930
0.345110
0.345291
0.345471
0.345651
0.345831
0.346011
0.346191
0.346371
0.346551
0.346731
0.346911
0.347091
0.347271
0.347451
0.347631
0.347810
0.347990
0.348170
0.348349
0.348529
0.348709
0.348888
0.349068
0.349247
0.349427
0.349606
0.349785
0.349965
0.350144
0.350323
0.350502
0.350682
0.350861
0.351040
0.351219
0.351398
0.351577
0.351756
0.351935
0.352114
0.352292
0.352471
0.352650
0.352829
0.353007
0.353186
0.353365
0.353543
0.353722
0.353900
0.354079
0.354257
0.354436
0.354614
0.354792
0.354971
0.355149
0.355327
0.355505
0.355683
0.355861
0.356039
0.356217
0.356395
0.356573
0.356751
0.356929
0.357107
0.357284
0.357462
0.357640
0.357817
0.357995
0.358172
0.358350
0.358527
0.358705
0.358882
0.359059
0.359237
0.359414
0.359591
0.359768
0.359945
0.360123
0.360300
0.360477
0.360654
0.360830
0.361007
0.361184
0.361361
0.361538
0.361714
0.361891
0.362068
0.362244
0.362421
0.362597
0.362773
0.362950
0.363126
0.363302
0.363479
0.363655
0.363831
0.364007
0.364183
0.364359
0.364535
0.364711
0.364887
0.365063
0.365239
0.365414
0.365590
0.365766
0.365941
0.366117
0.366292
0.366468
0.366643
0.366819
0.366994
0.367169
0.367345
0.367520
0.367695
0.367870
0.368045
0.368220
0.368395
0.368570
0.368745
0.368919
0.369094
0.369269
0.369444
0.369618
0.369793
0.369967
0.370142
0.370316
0.370491
0.370665
0.370839
0.371013
0.371187
0.371362
0.371536
0.371710
0.371884
0.372058
0.372231
0.372405
0.372579
0.372753
0.372926
0.373100
0.373274
0.373447
0.373621
0.373794
0.373967
0.374141
0.374314
0.374487
0.374660
0.374833
0.375006
0.375179
0.375352
0.375525
0.375698
0.375871
0.376044
0.376216
0.376389
0.376562
0.376734
0.376907
0.377079
0.377251
0.377424
0.377596
0.377768
0.377940
0.378112
0.378284
0.378456
0.378628
0.378800
0.378972
0.379144
0.379316
0.379487
0.379659
0.379830
0.380002
0.380173
0.380345
0.380516
0.380687
0.380859
0.381030
0.381201
0.381372
0.381543
0.381714
0.381885
0.382056
0.382226
0.382397
0.382568
0.382738
0.382909
0.383080
0.383250
0.383420
0.383591
0.383761
0.383931
0.384101
0.384271
0.384441
0.384611
0.384781
0.384951
0.385121
0.385291
0.385460
0.385630
0.385800
0.385969
0.386139
0.386308
0.386477
0.386647
0.386816
0.386985
0.387154
0.387323
0.387492
0.387661
0.387830
0.387999
0.388168
0.388336
0.388505
0.388673
0.388842
0.389010
0.389179
0.389347
0.389515
0.389684
0.389852
0.390020
0.390188
0.390356
0.390524
0.390691
0.390859
0.391027
0.391195
0.391362
0.391530
0.391697
0.391865
0.392032
0.392199
0.392366
0.392534
0.392701
0.392868
0.393035
0.393202
0.393368
0.393535
0.393702
0.393869
0.394035
0.394202
0.394368
0.394535
0.394701
0.394867
0.395033
0.395200
0.395366
0.395532
0.395698
0.395863
0.396029
0.396195
0.396361
0.396526
0.396692
0.396857
0.397023
0.397188
0.397354
0.397519
0.397684
0.397849
0.398014
0.398179
0.398344
0.398509
0.398674
0.398838
0.399003
0.399168
0.399332
0.399497
0.399661
0.399825
0.399989
0.400154
0.400318
0.400482
0.400646
0.400810
0.400974
0.401137
0.401301
0.401465
0.401628
0.401792
0.401955
0.402119
0.402282
0.402445
0.402608
0.402771
0.402934
0.403097
0.403260
0.403423
0.403586
0.403748
0.403911
0.404074
0.404236
0.404399
0.404561
0.404723
0.404885
0.405047
0.405210
0.405371
0.405533
0.405695
0.405857
0.406019
0.406180
0.406342
0.406503
0.406665
0.406826
0.406988
0.407149
0.407310
0.407471
0.407632
0.407793
0.407954
0.408115
0.408275
0.408436
0.408596
0.408757
0.408917
0.409078
0.409238
0.409398
0.409558
0.409718
0.409878
0.410038
0.410198
0.410358
0.410518
0.410677
0.410837
0.410996
0.411156
0.411315
0.411474
0.411634
0.411793
0.411952
0.412111
0.412270
0.412428
0.412587
0.412746
0.412904
0.413063
0.413221
0.413380
0.413538
0.413696
0.413854
0.414013
0.414171
0.414329
0.414486
0.414644
0.414802
0.414959
0.415117
0.415275
0.415432
0.415589
0.415746
0.415904
0.416061
0.416218
0.416375
0.416532
0.416688
0.416845
0.417002
0.417158
0.417315
0.417471
0.417628
0.417784
0.417940
0.418096
0.418252
0.418408
0.418564
0.418720
0.418875
0.419031
0.419187
0.419342
0.419498
0.419653
0.419808
0.419963
0.420118
0.420273
0.420428
0.420583
0.420738
0.420893
0.421047
0.421202
0.421356
0.421511
0.421665
0.421819
0.421973
0.422128
0.422282
0.422435
0.422589
0.422743
0.422897
0.423050
0.423204
0.423357
0.423511
0.423664
0.423817
0.423970
0.424123
0.424276
0.424429
0.424582
0.424735
0.424887
0.425040
0.425192
0.425345
0.425497
0.425649
0.425801
0.425953
0.426105
0.426257
0.426409
0.426561
0.426713
0.426864
0.427016
0.427167
0.427318
0.427470
0.427621
0.427772
0.427923
0.428074
0.428225
0.428375
0.428526
0.428677
0.428827
0.428978
0.429128
0.429278
0.429428
0.429579
0.429729
0.429878
0.430028
0.430178
0.430328
0.430477
0.430627
0.430776
0.430926
0.431075
0.431224
0.431373
0.431522
0.431671
0.431820
0.431969
0.432117
0.432266
0.432414
0.432563
0.432711
0.432859
0.433008
0.433156
0.433304
0.433452
0.433599
0.433747
0.433895
0.434042
0.434190
0.434337
0.434485
0.434632
0.434779
0.434926
0.435073
0.435220
0.435367
0.435513
0.435660
0.435807
0.435953
0.436099
0.436246
0.436392
0.436538
0.436684
0.436830
0.436976
0.437122
0.437267
0.437413
0.437558
0.437704
0.437849
0.437994
0.438139
0.438285
0.438429
0.438574
0.438719
0.438864
0.439009
0.439153
0.439298
0.439442
0.439586
0.439730
0.439874
0.440018
0.440162
0.440306
0.440450
0.440594
0.440737
0.440881
0.441024
0.441167
0.441311
0.441454
0.441597
0.441740
0.441883
0.442025
0.442168
0.442311
0.442453
0.442595
0.442738
0.442880
0.443022
0.443164
0.443306
0.443448
0.443590
0.443732
0.443873
0.444015
0.444156
0.444297
0.444439
0.444580
0.444721
0.444862
0.445003
0.445144
0.445284
0.445425
0.445565
0.445706
0.445846
0.445986
0.446126
0.446267
0.446407
0.446546
0.446686
0.446826
0.446966
0.447105
0.447244
0.447384
0.447523
0.447662
0.447801
0.447940
0.448079
0.448218
0.448357
0.448495
0.448634
0.448772
0.448910
0.449049
0.449187
0.449325
0.449463
0.449601
0.449738
0.449876
0.450014
0.450151
0.450288
0.450426
0.450563
0.450700
0.450837
0.450974
0.451111
0.451248
0.451384
0.451521
0.451657
0.451794
0.451930
0.452066
0.452202
0.452338
0.452474
0.452610
0.452746
0.452881
0.453017
0.453152
0.453288
0.453423
0.453558
0.453693
0.453828
0.453963
0.454098
0.454232
0.454367
0.454501
0.454636
0.454770
0.454904
0.455038
0.455172
0.455306
0.455440
0.455574
0.455707
0.455841
0.455974
0.456108
0.456241
0.456374
0.456507
0.456640
0.456773
0.456906
0.457039
0.457171
0.457304
0.457436
0.457568
0.457701
0.457833
0.457965
0.458097
0.458228
0.458360
0.458492
0.458623
0.458755
0.458886
0.459017
0.459148
0.459279
0.459410
0.459541
0.459672
0.459803
0.459933
0.460064
0.460194
0.460324
0.460454
0.460585
0.460715
0.460844
0.460974
0.461104
0.461234
0.461363
0.461492
0.461622
0.461751
0.461880
0.462009
0.462138
0.462267
0.462395
0.462524
0.462653
0.462781
0.462909
0.463038
0.463166
0.463294
0.463422
0.463549
0.463677
0.463805
0.463932
0.464060
0.464187
0.464314
0.464442
0.464569
0.464696
0.464822
0.464949
0.465076
0.465202
0.465329
0.465455
0.465581
0.465708
0.465834
0.465960
0.466085
0.466211
0.466337
0.466462
0.466588
0.466713
0.466839
0.466964
0.467089
0.467214
0.467339
0.467463
0.467588
0.467713
0.467837
0.467961
0.468086
0.468210
0.468334
0.468458
0.468582
0.468706
0.468829
0.468953
0.469076
0.469200
0.469323
0.469446
0.469569
0.469692
0.469815
0.469938
0.470061
0.470183
0.470306
0.470428
0.470550
0.470672
0.470794
0.470916
0.471038
0.471160
0.471282
0.471403
0.471525
0.471646
0.471767
0.471889
0.472010
0.472131
0.472251
0.472372
0.472493
0.472613
0.472734
0.472854
0.472975
0.473095
0.473215
0.473335
0.473455
0.473574
0.473694
0.473813
0.473933
0.474052
0.474172
0.474291
0.474410
0.474529
0.474647
0.474766
0.474885
0.475003
0.475122
0.475240
0.475358
0.475477
0.475595
0.475712
0.475830
0.475948
0.476066
0.476183
0.476301
0.476418
0.476535
0.476652
0.476769
0.476886
0.477003
0.477120
0.477236
0.477353
0.477469
0.477585
0.477701
0.477818
0.477934
0.478049
0.478165
0.478281
0.478396
0.478512
0.478627
0.478743
0.478858
0.478973
0.479088
0.479203
0.479317
0.479432
0.479547
0.479661
0.479775
0.479890
0.480004
0.480118
0.480232
0.480345
0.480459
0.480573
0.480686
0.480800
0.480913
0.481026
0.481139
0.481252
0.481365
0.481478
0.481591
0.481703
0.481816
0.481928
0.482040
0.482153
0.482265
0.482377
0.482488
0.482600
0.482712
0.482823
0.482935
0.483046
0.483157
0.483269
0.483380
0.483491
0.483601
0.483712
0.483823
0.483933
0.484044
0.484154
0.484264
0.484374
0.484484
0.484594
0.484704
0.484814
0.484923
0.485033
0.485142
0.485251
0.485360
0.485470
0.485579
0.485687
0.485796
0.485905
0.486013
0.486122
0.486230
0.486338
0.486446
0.486554
0.486662
0.486770
0.486878
0.486985
0.487093
0.487200
0.487308
0.487415
0.487522
0.487629
0.487736
0.487843
0.487949
0.488056
0.488162
0.488269
0.488375
0.488481
0.488587
0.488693
0.488799
0.488905
0.489010
0.489116
0.489221
0.489326
0.489432
0.489537
0.489642
0.489747
0.489851
0.489956
0.490061
0.490165
0.490269
0.490374
0.490478
0.490582
0.490686
0.490790
0.490893
0.490997
0.491101
0.491204
0.491307
0.491411
0.491514
0.491617
0.491720
0.491822
0.491925
0.492028
0.492130
0.492233
0.492335
0.492437
0.492539
0.492641
0.492743
0.492845
0.492946
0.493048
0.493149
0.493251
0.493352
0.493453
0.493554
0.493655
0.493756
0.493856
0.493957
0.494057
0.494158
0.494258
0.494358
0.494458
0.494558
0.494658
0.494758
0.494858
0.494957
0.495057
0.495156
0.495255
0.495354
0.495453
0.495552
0.495651
0.495750
0.495848
0.495947
0.496045
0.496144
0.496242
0.496340
0.496438
0.496536
0.496633
0.496731
0.496829
0.496926
0.497023
0.497121
0.497218
0.497315
0.497412
0.497509
0.497605
0.497702
0.497798
0.497895
0.497991
0.498087
0.498183
0.498279
0.498375
0.498471
0.498567
0.498662
0.498758
0.498853
0.498948
0.499043
0.499138
0.499233
0.499328
0.499423
0.499518
0.499612
0.499706
0.499801
0.499895
0.499989
0.500083
0.500177
0.500271
0.500364
0.500458
0.500551
0.500645
0.500738
0.500831
0.500924
0.501017
0.501110
0.501203
0.501295
0.501388
0.501480
0.501573
0.501665
0.501757
0.501849
0.501941
0.502033
0.502124
0.502216
0.502307
0.502399
0.502490
0.502581
0.502672
0.502763
0.502854
0.502945
0.503035
0.503126
0.503216
0.503307
0.503397
0.503487
0.503577
0.503667
0.503757
0.503846
0.503936
0.504025
0.504115
0.504204
0.504293
0.504382
0.504471
0.504560
0.504649
0.504737
0.504826
0.504914
0.505003
0.505091
0.505179
0.505267
0.505355
0.505443
0.505531
0.505618
0.505706
0.505793
0.505880
0.505968
0.506055
0.506142
0.506229
0.506315
0.506402
0.506489
0.506575
0.506661
0.506748
0.506834
0.506920
0.507006
0.507092
0.507177
0.507263
0.507349
0.507434
0.507519
0.507604
0.507690
0.507775
0.507859
0.507944
0.508029
0.508114
0.508198
0.508282
0.508367
0.508451
0.508535
0.508619
0.508703
0.508787
0.508870
0.508954
0.509037
0.509121
0.509204
0.509287
0.509370
0.509453
0.509536
0.509618
0.509701
0.509784
0.509866
0.509948
0.510031
0.510113
0.510195
0.510277
0.510358
0.510440
0.510522
0.510603
0.510685
0.510766
0.510847
0.510928
0.511009
0.511090
0.511171
0.511251
0.511332
0.511412
0.511493
0.511573
0.511653
0.511733
0.511813
0.511893
0.511973
0.512052
0.512132
0.512211
0.512291
0.512370
0.512449
0.512528
0.512607
0.512686
0.512764
0.512843
0.512922
0.513000
0.513078
0.513156
0.513235
0.513313
0.513390
0.513468
0.513546
0.513624
0.513701
0.513778
0.513856
0.513933
0.514010
0.514087
0.514164
0.514241
0.514317
0.514394
0.514470
0.514547
0.514623
0.514699
0.514775
0.514851
0.514927
0.515003
0.515078
0.515154
0.515229
0.515305
0.515380
0.515455
0.515530
0.515605
0.515680
0.515755
0.515829
0.515904
0.515978
0.516053
0.516127
0.516201
0.516275
0.516349
0.516423
0.516497
0.516570
0.516644
0.516717
0.516791
0.516864
0.516937
0.517010
0.517083
0.517156
0.517228
0.517301
0.517374
0.517446
0.517518
0.517591
0.517663
0.517735
0.517807
0.517878
0.517950
0.518022
0.518093
0.518165
0.518236
0.518307
0.518378
0.518449
0.518520
0.518591
0.518662
0.518733
0.518803
0.518873
0.518944
0.519014
0.519084
0.519154
0.519224
0.519294
0.519364
0.519433
0.519503
0.519572
0.519642
0.519711
0.519780
0.519849
0.519918
0.519987
0.520056
0.520124
0.520193
0.520261
0.520329
0.520398
0.520466
0.520534
0.520602
0.520670
0.520737
0.520805
0.520873
0.520940
0.521007
0.521075
0.521142
0.521209
0.521276
0.521343
0.521410
0.521476
0.521543
0.521609
0.521676
0.521742
0.521808
0.521874
0.521940
0.522006
0.522072
0.522138
0.522203
0.522269
0.522334
0.522399
0.522465
0.522530
0.522595
0.522660
0.522724
0.522789
0.522854
0.522918
0.522983
0.523047
0.523111
0.523175
0.523239
0.523303
0.523367
0.523431
0.523495
0.523558
0.523622
0.523685
0.523748
0.523812
0.523875
0.523938
0.524000
0.524063
0.524126
0.524189
0.524251
0.524313
0.524376
0.524438
0.524500
0.524562
0.524624
0.524686
0.524748
0.524809
0.524871
0.524932
0.524994
0.525055
0.525116
0.525177
0.525238
0.525299
0.525360
0.525420
0.525481
0.525542
0.525602
0.525662
0.525722
0.525783
0.525843
0.525903
0.525962
0.526022
0.526082
0.526141
0.526201
0.526260
0.526319
0.526379
0.526438
0.526497
0.526556
0.526614
0.526673
0.526732
0.526790
0.526849
0.526907
0.526965
0.527023
0.527081
0.527139
0.527197
0.527255
0.527313
0.527370
0.527428
0.527485
0.527542
0.527600
0.527657
0.527714
0.527771
0.527828
0.527884
0.527941
0.527997
0.528054
0.528110
0.528167
0.528223
0.528279
0.528335
0.528391
0.528447
0.528502
0.528558
0.528614
0.528669
0.528724
0.528780
0.528835
0.528890
0.528945
0.529000
0.529055
0.529109
0.529164
0.529219
0.529273
0.529327
0.529382
0.529436
0.529490
0.529544
0.529598
0.529652
0.529705
0.529759
0.529813
0.529866
0.529919
0.529973
0.530026
0.530079
0.530132
0.530185
0.530238
0.530290
0.530343
0.530396
0.530448
0.530500
0.530553
0.530605
0.530657
0.530709
0.530761
0.530813
0.530864
0.530916
0.530968
0.531019
0.531071
0.531122
0.531173
0.531224
0.531275
0.531326
0.531377
0.531428
0.531478
0.531529
0.531580
0.531630
0.531680
0.531731
0.531781
0.531831
0.531881
0.531931
0.531980
0.532030
0.532080
0.532129
0.532179
0.532228
0.532277
0.532326
0.532376
0.532425
0.532474
0.532522
0.532571
0.532620
0.532668
0.532717
0.532765
0.532814
0.532862
0.532910
0.532958
0.533006
0.533054
0.533102
0.533149
0.533197
0.533244
0.533292
0.533339
0.533387
0.533434
0.533481
0.533528
0.533575
0.533622
0.533668
0.533715
0.533762
0.533808
0.533855
0.533901
0.533947
0.533993
0.534039
0.534085
0.534131
0.534177
0.534223
0.534268
0.534314
0.534360
0.534405
0.534450
0.534495
0.534541
0.534586
0.534631
0.534676
0.534720
0.534765
0.534810
0.534854
0.534899
0.534943
0.534988
0.535032
0.535076
0.535120
0.535164
0.535208
0.535252
0.535295
0.535339
0.535383
0.535426
0.535469
0.535513
0.535556
0.535599
0.535642
0.535685
0.535728
0.535771
0.535814
0.535856
0.535899
0.535941
0.535984
0.536026
0.536068
0.536111
0.536153
0.536195
0.536237
0.536278
0.536320
0.536362
0.536403
0.536445
0.536486
0.536528
0.536569
0.536610
0.536651
0.536692
0.536733
0.536774
0.536815
0.536856
0.536896
0.536937
0.536977
0.537018
0.537058
0.537098
0.537138
0.537178
0.537218
0.537258
0.537298
0.537338
0.537378
0.537417
0.537457
0.537496
0.537535
0.537575
0.537614
