0.000000
0.000001
0.000003
0.000004
0.000005
0.000006
0.000008
0.000009
0.000010
0.000011
0.000013
0.000014
0.000015
0.000017
0.000018
0.000019
0.000020
0.000022
0.000023
0.000024
0.000025
0.000027
0.000028
0.000029
0.000031
0.000032
0.000033
0.000034
0.000036
0.000037
0.000038
0.000039
0.000041
0.000042
0.000043
0.000044
0.000046
0.000047
0.000048
0.000049
0.000051
0.000052
0.000053
0.000054
0.000056
0.000057
0.000058
0.000059
0.000061
0.000062
0.000063
0.000065
0.000066
0.000067
0.000068
0.000069
0.000071
0.000072
0.000073
0.000074
0.000076
0.000077
0.000078
0.000079
0.000081
0.000082
0.000083
0.000084
0.000086
0.000087
0.000088
0.000089
0.000091
0.000092
0.000093
0.000094
0.000096
0.000097
0.000098
0.000099
0.000100
0.000102
0.000103
0.000104
0.000105
0.000107
0.000108
0.000109
0.000110
0.000112
0.000113
0.000114
0.000115
0.000116
0.000118
0.000119
0.000120
0.000121
0.000123
0.000124
0.000125
0.000126
0.000127
0.000129
0.000130
0.000131
0.000132
0.000134
0.000135
0.000136
0.000137
0.000138
0.000140
0.000141
0.000142
0.000143
0.000144
0.000146
0.000147
0.000148
0.000149
0.000150
0.000152
0.000153
0.000154
0.000155
0.000156
0.000158
0.000159
0.000160
0.000161
0.000163
0.000164
0.000165
0.000166
0.000167
0.000168
0.000170
0.000171
0.000172
0.000173
0.000174
0.000176
0.000177
0.000178
0.000179
0.000180
0.000182
0.000183
0.000184
0.000185
0.000186
0.000188
0.000189
0.000190
0.000191
0.000192
0.000193
0.000195
0.000196
0.000197
0.000198
0.000199
0.000201
0.000202
0.000203
0.000204
0.000205
0.000206
0.000208
0.000209
0.000210
0.000211
0.000212
0.000213
0.000215
0.000216
0.000217
0.000218
0.000219
0.000220
0.000222
0.000223
0.000224
0.000225
0.000226
0.000227
0.000229
0.000230
0.000231
0.000232
0.000233
0.000234
0.000236
0.000237
0.000238
0.000239
0.000240
0.000241
0.000243
0.000244
0.000245
0.000246
0.000247
0.000248
0.000249
0.000251
0.000252
0.000253
0.000254
0.000255
0.000256
0.000257
0.000259
0.000260
0.000261
0.000262
0.000263
0.000264
0.000265
0.000267
0.000268
0.000269
0.000270
0.000271
0.000272
0.000273
0.000275
0.000276
0.000277
0.000278
0.000279
0.000280
0.000281
0.000283
0.000284
0.000285
0.000286
0.000287
0.000288
0.000289
0.000290
0.000292
0.000293
0.000294
0.000295
0.000296
0.000297
0.000298
0.000299
0.000300
0.000302
0.000303
0.000304
0.000305
0.000306
0.000307
0.000308
0.000309
0.000311
0.000312
0.000313
0.000314
0.000315
0.000316
0.000317
0.000318
0.000319
0.000320
0.000322
0.000323
0.000324
0.000325
0.000326
0.000327
0.000328
0.000329
0.000330
0.000331
0.000333
0.000334
0.000335
0.000336
0.000337
0.000338
0.000339
0.000340
0.000341
0.000342
0.000344
0.000345
0.000346
0.000347
0.000348
0.000349
0.000350
0.000351
0.000352
0.000353
0.000354
0.000355
0.000357
0.000358
0.000359
0.000360
0.000361
0.000362
0.000363
0.000364
0.000365
0.000366
0.000367
0.000368
0.000369
0.000370
0.000372
0.000373
0.000374
0.000375
0.000376
0.000377
0.000378
0.000379
0.000380
0.000381
0.000382
0.000383
0.000384
0.000385
0.000386
0.000388
0.000389
0.000390
0.000391
0.000392
0.000393
0.000394
0.000395
0.000396
0.000397
0.000398
0.000399
0.000400
0.000401
0.000402
0.000403
0.000404
0.000405
0.000406
0.000407
0.000408
0.000410
0.000411
0.000412
0.000413
0.000414
0.000415
0.000416
0.000417
0.000418
0.000419
0.000420
0.000421
0.000422
0.000423
0.000424
0.000425
0.000426
0.000427
0.000428
0.000429
0.000430
0.000431
0.000432
0.000433
0.000434
0.000435
0.000436
0.000437
0.000438
0.000439
0.000440
0.000441
0.000442
0.000443
0.000444
0.000445
0.000446
0.000447
0.000448
0.000449
0.000450
0.000451
0.000452
0.000453
0.000454
0.000455
0.000456
0.000457
0.000458
0.000459
0.000460
0.000461
0.000462
0.000463
0.000464
0.000465
0.000466
0.000467
0.000468
0.000469
0.000470
0.000471
0.000472
0.000473
0.000474
0.000475
0.000476
0.000477
0.000478
0.000479
0.000480
0.000481
0.000482
0.000483
0.000484
0.000485
0.000486
0.000487
0.000488
0.000489
0.000490
0.000491
0.000492
0.000493
0.000494
0.000495
0.000496
0.000497
0.000498
0.000499
0.000500
0.000501
0.000502
0.000503
0.000503
0.000504
0.000505
0.000506
0.000507
0.000508
0.000509
0.000510
0.000511
0.000512
0.000513
0.000514
0.000515
0.000516
0.000517
0.000518
0.000519
0.000520
0.000521
0.000521
0.000522
0.000523
0.000524
0.000525
0.000526
0.000527
0.000528
0.000529
0.000530
0.000531
0.000532
0.000533
0.000534
0.000535
0.000535
0.000536
0.000537
0.000538
0.000539
0.000540
0.000541
0.000542
0.000543
0.000544
0.000545
0.000546
0.000546
0.000547
0.000548
0.000549
0.000550
0.000551
0.000552
0.000553
0.000554
0.000555
0.000556
0.000556
0.000557
0.000558
0.000559
0.000560
0.000561
0.000562
0.000563
0.000564
0.000565
0.000565
0.000566
0.000567
0.000568
0.000569
0.000570
0.000571
0.000572
0.000573
0.000573
0.000574
0.000575
0.000576
0.000577
0.000578
0.000579
0.000580
0.000580
0.000581
0.000582
0.000583
0.000584
0.000585
0.000586
0.000586
0.000587
0.000588
0.000589
0.000590
0.000591
0.000592
0.000593
0.000593
0.000594
0.000595
0.000596
0.000597
0.000598
0.000598
0.000599
0.000600
0.000601
0.000602
0.000603
0.000604
0.000604
0.000605
0.000606
0.000607
0.000608
0.000609
0.000609
0.000610
0.000611
0.000612
0.000613
0.000614
0.000614
0.000615
0.000616
0.000617
0.000618
0.000619
0.000619
0.000620
0.000621
0.000622
0.000623
0.000623
0.000624
0.000625
0.000626
0.000627
0.000628
0.000628
0.000629
0.000630
0.000631
0.000632
0.000632
0.000633
0.000634
0.000635
0.000636
0.000636
0.000637
0.000638
0.000639
0.000639
0.000640
0.000641
0.000642
0.000643
0.000643
0.000644
0.000645
0.000646
0.000647
0.000647
0.000648
0.000649
0.000650
0.000650
0.000651
0.000652
0.000653
0.000653
0.000654
0.000655
0.000656
0.000657
0.000657
0.000658
0.000659
0.000660
0.000660
0.000661
0.000662
0.000663
0.000663
0.000664
0.000665
0.000666
0.000666
0.000667
0.000668
0.000669
0.000669
0.000670
0.000671
0.000671
0.000672
0.000673
0.000674
0.000674
0.000675
0.000676
0.000677
0.000677
0.000678
0.000679
0.000679
0.000680
0.000681
0.000682
0.000682
0.000683
0.000684
0.000684
0.000685
0.000686
0.000687
0.000687
0.000688
0.000689
0.000689
0.000690
0.000691
0.000691
0.000692
0.000693
0.000694
0.000694
0.000695
0.000696
0.000696
0.000697
0.000698
0.000698
0.000699
0.000700
0.000700
0.000701
0.000702
0.000702
0.000703
0.000704
0.000704
0.000705
0.000706
0.000706
0.000707
0.000708
0.000708
0.000709
0.000710
0.000710
0.000711
0.000712
0.000712
0.000713
0.000714
0.000714
0.000715
0.000715
0.000716
0.000717
0.000717
0.000718
0.000719
0.000719
0.000720
0.000721
0.000721
0.000722
0.000722
0.000723
0.000724
0.000724
0.000725
0.000725
0.000726
0.000727
0.000727
0.000728
0.000728
0.000729
0.000730
0.000730
0.000731
0.000731
0.000732
0.000733
0.000733
0.000734
0.000734
0.000735
0.000736
0.000736
0.000737
0.000737
0.000738
0.000738
0.000739
0.000740
0.000740
0.000741
0.000741
0.000742
0.000742
0.000743
0.000744
0.000744
0.000745
0.000745
0.000746
0.000746
0.000747
0.000747
0.000748
0.000749
0.000749
0.000750
0.000750
0.000751
0.000751
0.000752
0.000752
0.000753
0.000753
0.000754
0.000754
0.000755
0.000755
0.000756
0.000756
0.000757
0.000757
0.000758
0.000758
0.000759
0.000759
0.000760
0.000760
0.000761
0.000761
0.000762
0.000762
0.000763
0.000763
0.000764
0.000764
0.000765
0.000765
0.000766
0.000766
0.000767
0.000767
0.000768
0.000768
0.000769
0.000769
0.000769
0.000770
0.000770
0.000771
0.000771
0.000772
0.000772
0.000773
0.000773
0.000773
0.000774
0.000774
0.000775
0.000775
0.000776
0.000776
0.000777
0.000777
0.000777
0.000778
0.000778
0.000779
0.000779
0.000779
0.000780
0.000780
0.000781
0.000781
0.000781
0.000782
0.000782
0.000783
0.000783
0.000783
0.000784
0.000784
0.000785
0.000785
0.000785
0.000786
0.000786
0.000786
0.000787
0.000787
0.000787
0.000788
0.000788
0.000789
0.000789
0.000789
0.000790
0.000790
0.000790
0.000791
0.000791
0.000791
0.000792
0.000792
0.000792
0.000793
0.000793
0.000793
0.000794
0.000794
0.000794
0.000794
0.000795
0.000795
0.000795
0.000796
0.000796
0.000796
0.000797
0.000797
0.000797
0.000797
0.000798
0.000798
0.000798
0.000799
0.000799
0.000799
0.000799
0.000800
0.000800
0.000800
0.000800
0.000801
0.000801
0.000801
0.000801
0.000802
0.000802
0.000802
0.000802
0.000803
0.000803
0.000803
0.000803
0.000803
0.000804
0.000804
0.000804
0.000804
0.000804
0.000805
0.000805
0.000805
0.000805
0.000805
0.000806
0.000806
0.000806
0.000806
0.000806
0.000807
0.000807
0.000807
0.000807
0.000807
0.000807
0.000808
0.000808
0.000808
0.000808
0.000808
0.000808
0.000808
0.000809
0.000809
0.000809
0.000809
0.000809
0.000809
0.000809
0.000809
0.000810
0.000810
0.000810
0.000810
0.000810
0.000810
0.000810
0.000810
0.000810
0.000810
0.000811
0.000811
0.000811
0.000811
0.000811
0.000811
0.000811
0.000811
0.000811
0.000811
0.000811
0.000811
0.000811
0.000811
0.000811
0.000811
0.000811
0.000811
0.000811
0.000811
0.000811
0.000812
0.000812
0.000812
0.000812
0.000812
0.000812
0.000812
0.000812
0.000812
0.000811
0.000811
0.000811
0.000811
0.000811
0.000811
0.000811
0.000811
0.000811
0.000811
0.000811
0.000811
0.000811
0.000811
0.000811
0.000811
0.000811
0.000811
0.000811
0.000811
0.000810
0.000810
0.000810
0.000810
0.000810
0.000810
0.000810
0.000810
0.000810
0.000810
0.000809
0.000809
0.000809
0.000809
0.000809
0.000809
0.000809
0.000808
0.000808
0.000808
0.000808
0.000808
0.000808
0.000807
0.000807
0.000807
0.000807
0.000807
0.000807
0.000806
0.000806
0.000806
0.000806
0.000806
0.000805
0.000805
0.000805
0.000805
0.000804
0.000804
0.000804
0.000804
0.000804
0.000803
0.000803
0.000803
0.000802
0.000802
0.000802
0.000802
0.000801
0.000801
0.000801
0.000801
0.000800
0.000800
0.000800
0.000799
0.000799
0.000799
0.000798
0.000798
0.000798
0.000797
0.000797
0.000797
0.000796
0.000796
0.000796
0.000795
0.000795
0.000795
0.000794
0.000794
0.000794
0.000793
0.000793
0.000792
0.000792
0.000792
0.000791
0.000791
0.000790
0.000790
0.000789
0.000789
0.000789
0.000788
0.000788
0.000787
0.000787
0.000786
0.000786
0.000785
0.000785
0.000785
0.000784
0.000784
0.000783
0.000783
0.000782
0.000782
0.000781
0.000781
0.000780
0.000780
0.000779
0.000778
0.000778
0.000777
0.000777
0.000776
0.000776
0.000775
0.000775
0.000774
0.000774
0.000773
0.000772
0.000772
0.000771
0.000771
0.000770
0.000769
0.000769
0.000768
0.000768
0.000767
0.000766
0.000766
0.000765
0.000764
0.000764
0.000763
0.000762
0.000762
0.000761
0.000760
0.000760
0.000759
0.000758
0.000758
0.000757
0.000756
0.000755
0.000755
0.000754
0.000753
0.000753
0.000752
0.000751
0.000750
0.000750
0.000749
0.000748
0.000747
0.000746
0.000746
0.000745
0.000744
0.000743
0.000742
0.000742
0.000741
0.000740
0.000739
0.000738
0.000738
0.000737
0.000736
0.000735
0.000734
0.000733
0.000732
0.000731
0.000731
0.000730
0.000729
0.000728
0.000727
0.000726
0.000725
0.000724
0.000723
0.000722
0.000721
0.000720
0.000720
0.000719
0.000718
0.000717
0.000716
0.000715
0.000714
0.000713
0.000712
0.000711
0.000710
0.000709
0.000708
0.000707
0.000706
0.000704
0.000703
0.000702
0.000701
0.000700
0.000699
0.000698
0.000697
0.000696
0.000695
0.000694
0.000693
0.000691
0.000690
0.000689
0.000688
0.000687
0.000686
0.000685
0.000683
0.000682
0.000681
0.000680
0.000679
0.000678
0.000676
0.000675
0.000674
0.000673
0.000672
0.000670
0.000669
0.000668
0.000667
0.000665
0.000664
0.000663
0.000661
0.000660
0.000659
0.000658
0.000656
0.000655
0.000654
0.000652
0.000651
0.000650
0.000648
0.000647
0.000646
0.000644
0.000643
0.000641
0.000640
0.000639
0.000637
0.000636
0.000634
0.000633
0.000632
0.000630
0.000629
0.000627
0.000626
0.000624
0.000623
0.000621
0.000620
0.000618
0.000617
0.000615
0.000614
0.000612
0.000611
0.000609
0.000608
0.000606
0.000605
0.000603
0.000601
0.000600
0.000598
0.000597
0.000595
0.000593
0.000592
0.000590
0.000589
0.000587
0.000585
0.000584
0.000582
0.000580
0.000579
0.000577
0.000575
0.000573
0.000572
0.000570
0.000568
0.000567
0.000565
0.000563
0.000561
0.000560
0.000558
0.000556
0.000554
0.000552
0.000551
0.000549
0.000547
0.000545
0.000543
0.000541
0.000540
0.000538
0.000536
0.000534
0.000532
0.000530
0.000528
0.000526
0.000524
0.000523
0.000521
0.000519
0.000517
0.000515
0.000513
0.000511
0.000509
0.000507
0.000505
0.000503
0.000501
0.000499
0.000497
0.000495
0.000493
0.000491
0.000488
0.000486
0.000484
0.000482
0.000480
0.000478
0.000476
0.000474
0.000472
0.000469
0.000467
0.000465
0.000463
0.000461
0.000459
0.000456
0.000454
0.000452
0.000450
0.000447
0.000445
0.000443
0.000441
0.000438
0.000436
0.000434
0.000432
0.000429
0.000427
0.000425
0.000422
0.000420
0.000418
0.000415
0.000413
0.000410
0.000408
0.000406
0.000403
0.000401
0.000398
0.000396
0.000393
0.000391
0.000388
0.000386
0.000384
0.000381
0.000379
0.000376
0.000373
0.000371
0.000368
0.000366
0.000363
0.000361
0.000358
0.000356
0.000353
0.000350
0.000348
0.000345
0.000342
0.000340
0.000337
0.000334
0.000332
0.000329
0.000326
0.000324
0.000321
0.000318
0.000315
0.000313
0.000310
0.000307
0.000304
0.000302
0.000299
0.000296
0.000293
0.000290
0.000287
0.000285
0.000282
0.000279
0.000276
0.000273
0.000270
0.000267
0.000264
0.000261
0.000258
0.000255
0.000252
0.000249
0.000246
0.000243
0.000240
0.000237
0.000234
0.000231
0.000228
0.000225
0.000222
0.000219
0.000216
0.000213
0.000210
0.000207
0.000203
0.000200
0.000197
0.000194
0.000191
0.000188
0.000184
0.000181
0.000178
0.000175
0.000171
0.000168
0.000165
0.000161
0.000158
0.000155
0.000152
0.000148
0.000145
0.000142
0.000138
0.000135
0.000131
0.000128
0.000125
0.000121
0.000118
0.000114
0.000111
0.000107
0.000104
0.000100
0.000097
0.000093
0.000090
0.000086
0.000083
0.000079
0.000075
0.000072
0.000068
0.000065
0.000061
0.000057
0.000054
0.000050
0.000046
0.000043
0.000039
0.000035
0.000032
0.000028
0.000024
0.000020
0.000017
0.000013
0.000009
0.000005
0.000001
0.000003
0.000006
0.000010
0.000014
0.000018
0.000022
0.000026
0.000030
0.000034
0.000038
0.000042
0.000046
0.000050
0.000054
0.000058
0.000062
0.000066
0.000070
0.000074
0.000078
0.000082
0.000086
0.000090
0.000094
0.000098
0.000103
0.000107
0.000111
0.000115
0.000119
0.000124
0.000128
0.000132
0.000136
0.000141
0.000145
0.000149
0.000154
0.000158
0.000162
0.000167
0.000171
0.000175
0.000180
0.000184
0.000189
0.000193
0.000197
0.000202
0.000206
0.000211
0.000215
0.000220
0.000224
0.000229
0.000234
0.000238
0.000243
0.000247
0.000252
0.000257
0.000261
0.000266
0.000271
0.000275
0.000280
0.000285
0.000289
0.000294
0.000299
0.000304
0.000308
0.000313
0.000318
0.000323
0.000328
0.000333
0.000338
0.000342
0.000347
0.000352
0.000357
0.000362
0.000367
0.000372
0.000377
0.000382
0.000387
0.000392
0.000397
0.000402
0.000407
0.000412
0.000418
0.000423
0.000428
0.000433
0.000438
0.000443
0.000449
0.000454
0.000459
0.000464
0.000470
0.000475
0.000480
0.000485
0.000491
0.000496
0.000501
0.000507
0.000512
0.000518
0.000523
0.000529
0.000534
0.000539
0.000545
0.000550
0.000556
0.000561
0.000567
0.000573
0.000578
0.000584
0.000589
0.000595
0.000601
0.000606
0.000612
0.000618
0.000623
0.000629
0.000635
0.000641
0.000646
0.000652
0.000658
0.000664
0.000670
0.000675
0.000681
0.000687
0.000693
0.000699
0.000705
0.000711
0.000717
0.000723
0.000729
0.000735
0.000741
0.000747
0.000753
0.000759
0.000765
0.000771
0.000778
0.000784
0.000790
0.000796
0.000802
0.000809
0.000815
0.000821
0.000827
0.000834
0.000840
0.000846
0.000853
0.000859
0.000865
0.000872
0.000878
0.000885
0.000891
0.000898
0.000904
0.000911
0.000917
0.000924
0.000930
0.000937
0.000943
0.000950
0.000957
0.000963
0.000970
0.000977
0.000983
0.000990
0.000997
0.001003
0.001010
0.001017
0.001024
0.001031
0.001038
0.001044
0.001051
0.001058
0.001065
0.001072
0.001079
0.001086
0.001093
0.001100
0.001107
0.001114
0.001121
0.001128
0.001135
0.001142
0.001150
0.001157
0.001164
0.001171
0.001178
0.001186
0.001193
0.001200
0.001207
0.001215
0.001222
0.001229
0.001237
0.001244
0.001252
0.001259
0.001266
0.001274
0.001281
0.001289
0.001296
0.001304
0.001312
0.001319
0.001327
0.001334
0.001342
0.001350
0.001357
0.001365
0.001373
0.001381
0.001388
0.001396
0.001404
0.001412
0.001420
0.001427
0.001435
0.001443
0.001451
0.001459
0.001467
0.001475
0.001483
0.001491
0.001499
0.001507
0.001515
0.001523
0.001532
0.001540
0.001548
0.001556
0.001564
0.001573
0.001581
0.001589
0.001597
0.001606
0.001614
0.001622
0.001631
0.001639
0.001648
0.001656
0.001664
0.001673
0.001681
0.001690
0.001699
0.001707
0.001716
0.001724
0.001733
0.001742
0.001750
0.001759
0.001768
0.001776
0.001785
0.001794
0.001803
0.001812
0.001820
0.001829
0.001838
0.001847
0.001856
0.001865
0.001874
0.001883
0.001892
0.001901
0.001910
0.001919
0.001928
0.001938
0.001947
0.001956
0.001965
0.001974
0.001984
0.001993
0.002002
0.002011
0.002021
0.002030
0.002040
0.002049
0.002058
0.002068
0.002077
0.002087
0.002096
0.002106
0.002115
0.002125
0.002135
0.002144
0.002154
0.002164
0.002173
0.002183
0.002193
0.002203
0.002212
0.002222
0.002232
0.002242
0.002252
0.002262
0.002272
0.002282
0.002292
0.002302
0.002312
0.002322
0.002332
0.002342
0.002352
0.002362
0.002372
0.002383
0.002393
0.002403
0.002413
0.002424
0.002434
0.002444
0.002455
0.002465
0.002476
0.002486
0.002496
0.002507
0.002517
0.002528
0.002539
0.002549
0.002560
0.002570
0.002581
0.002592
0.002603
0.002613
0.002624
0.002635
0.002646
0.002656
0.002667
0.002678
0.002689
0.002700
0.002711
0.002722
0.002733
0.002744
0.002755
0.002766
0.002777
0.002789
0.002800
0.002811
0.002822
0.002833
0.002845
0.002856
0.002867
0.002879
0.002890
0.002901
0.002913
0.002924
0.002936
0.002947
0.002959
0.002970
0.002982
0.002994
0.003005
0.003017
0.003029
0.003040
0.003052
0.003064
0.003076
0.003087
0.003099
0.003111
0.003123
0.003135
0.003147
0.003159
0.003171
0.003183
0.003195
0.003207
0.003219
0.003231
0.003244
0.003256
0.003268
0.003280
0.003293
0.003305
0.003317
0.003330
0.003342
0.003354
0.003367
0.003379
0.003392
0.003404
0.003417
0.003429
0.003442
0.003455
0.003467
0.003480
0.003493
0.003506
0.003518
0.003531
0.003544
0.003557
0.003570
0.003583
0.003596
0.003609
0.003622
0.003635
0.003648
0.003661
0.003674
0.003687
0.003700
0.003713
0.003727
0.003740
0.003753
0.003767
0.003780
0.003793
0.003807
0.003820
0.003834
0.003847
0.003861
0.003874
0.003888
0.003901
0.003915
0.003929
0.003942
0.003956
0.003970
0.003984
0.003998
0.004011
0.004025
0.004039
0.004053
0.004067
0.004081
0.004095
0.004109
0.004123
0.004137
0.004151
0.004166
0.004180
0.004194
0.004208
0.004223
0.004237
0.004251
0.004266
0.004280
0.004295
0.004309
0.004324
0.004338
0.004353
0.004367
0.004382
0.004397
0.004411
0.004426
0.004441
0.004456
0.004470
0.004485
0.004500
0.004515
0.004530
0.004545
0.004560
0.004575
0.004590
0.004605
0.004620
0.004635
0.004651
0.004666
0.004681
0.004696
0.004712
0.004727
0.004742
0.004758
0.004773
0.004789
0.004804
0.004820
0.004835
0.004851
0.004867
0.004882
0.004898
0.004914
0.004930
0.004945
0.004961
0.004977
0.004993
0.005009
0.005025
0.005041
0.005057
0.005073
0.005089
0.005105
0.005121
0.005138
0.005154
0.005170
0.005186
0.005203
0.005219
0.005235
0.005252
0.005268
0.005285
0.005301
0.005318
0.005334
0.005351
0.005368
0.005384
0.005401
0.005418
0.005435
0.005452
0.005468
0.005485
0.005502
0.005519
0.005536
0.005553
0.005570
0.005587
0.005605
0.005622
0.005639
0.005656
0.005673
0.005691
0.005708
0.005725
0.005743
0.005760
0.005778
0.005795
0.005813
0.005830
0.005848
0.005866
0.005883
0.005901
0.005919
0.005937
0.005954
0.005972
0.005990
0.006008
0.006026
0.006044
0.006062
0.006080
0.006098
0.006117
0.006135
0.006153
0.006171
0.006189
0.006208
0.006226
0.006245
0.006263
0.006281
0.006300
0.006318
0.006337
0.006356
0.006374
0.006393
0.006412
0.006430
0.006449
0.006468
0.006487
0.006506
0.006525
0.006544
0.006563
0.006582
0.006601
0.006620
0.006639
0.006658
0.006678
0.006697
0.006716
0.006736
0.006755
0.006774
0.006794
0.006813
0.006833
0.006852
0.006872
0.006892
0.006911
0.006931
0.006951
0.006971
0.006990
0.007010
0.007030
0.007050
0.007070
0.007090
0.007110
0.007130
0.007150
0.007171
0.007191
0.007211
0.007231
0.007252
0.007272
0.007292
0.007313
0.007333
0.007354
0.007374
0.007395
0.007416
0.007436
0.007457
0.007478
0.007499
0.007519
0.007540
0.007561
0.007582
0.007603
0.007624
0.007645
0.007666
0.007688
0.007709
0.007730
0.007751
0.007772
0.007794
0.007815
0.007837
0.007858
0.007880
0.007901
0.007923
0.007944
0.007966
0.007988
0.008009
0.008031
0.008053
0.008075
0.008097
0.008119
0.008141
0.008163
0.008185
0.008207
0.008229
0.008251
0.008273
0.008296
0.008318
0.008340
0.008363
0.008385
0.008408
0.008430
0.008453
0.008475
0.008498
0.008520
0.008543
0.008566
0.008589
0.008612
0.008634
0.008657
0.008680
0.008703
0.008726
0.008749
0.008773
0.008796
0.008819
0.008842
0.008866
0.008889
0.008912
0.008936
0.008959
0.008983
0.009006
0.009030
0.009053
0.009077
0.009101
0.009125
0.009148
0.009172
0.009196
0.009220
0.009244
0.009268
0.009292
0.009316
0.009340
0.009364
0.009389
0.009413
0.009437
0.009462
0.009486
0.009510
0.009535
0.009559
0.009584
0.009609
0.009633
0.009658
0.009683
0.009708
0.009732
0.009757
0.009782
0.009807
0.009832
0.009857
0.009882
0.009907
0.009933
0.009958
0.009983
0.010009
0.010034
0.010059
0.010085
0.010110
0.010136
0.010161
0.010187
0.010213
0.010238
0.010264
0.010290
0.010316
0.010342
0.010368
0.010394
0.010420
0.010446
0.010472
0.010498
0.010524
0.010550
0.010577
0.010603
0.010630
0.010656
0.010682
0.010709
0.010736
0.010762
0.010789
0.010816
0.010842
0.010869
0.010896
0.010923
0.010950
0.010977
0.011004
0.011031
0.011058
0.011085
0.011112
0.011140
0.011167
0.011194
0.011222
0.011249
0.011277
0.011304
0.011332
0.011360
0.011387
0.011415
0.011443
0.011471
0.011498
0.011526
0.011554
0.011582
0.011610
0.011638
0.011667
0.011695
0.011723
0.011751
0.011780
0.011808
0.011837
0.011865
0.011894
0.011922
0.011951
0.011979
0.012008
0.012037
0.012066
0.012095
0.012124
0.012153
0.012182
0.012211
0.012240
0.012269
0.012298
0.012327
0.012357
0.012386
0.012415
0.012445
0.012474
0.012504
0.012534
0.012563
0.012593
0.012623
0.012652
0.012682
0.012712
0.012742
0.012772
0.012802
0.012832
0.012862
0.012893
0.012923
0.012953
0.012983
0.013014
0.013044
0.013075
0.013105
0.013136
0.013166
0.013197
0.013228
0.013259
0.013290
0.013320
0.013351
0.013382
0.013413
0.013444
0.013476
0.013507
0.013538
0.013569
0.013601
0.013632
0.013663
0.013695
0.013726
0.013758
0.013790
0.013821
0.013853
0.013885
0.013917
0.013949
0.013981
0.014013
0.014045
0.014077
0.014109
0.014141
0.014173
0.014206
0.014238
0.014270
0.014303
0.014335
0.014368
0.014401
0.014433
0.014466
0.014499
0.014532
0.014564
0.014597
0.014630
0.014663
0.014697
0.014730
0.014763
0.014796
0.014829
0.014863
0.014896
0.014930
0.014963
0.014997
0.015030
0.015064
0.015098
0.015131
0.015165
0.015199
0.015233
0.015267
0.015301
0.015335
0.015369
0.015403
0.015438
0.015472
0.015506
0.015541
0.015575
0.015610
0.015644
0.015679
0.015714
0.015748
0.015783
0.015818
0.015853
0.015888
0.015923
0.015958
0.015993
0.016028
0.016063
0.016099
0.016134
0.016169
0.016205
0.016240
0.016276
0.016311
0.016347
0.016383
0.016419
0.016454
0.016490
0.016526
0.016562
0.016598
0.016634
0.016670
0.016707
0.016743
0.016779
0.016816
0.016852
0.016888
0.016925
0.016962
0.016998
0.017035
0.017072
0.017108
0.017145
0.017182
0.017219
0.017256
0.017293
0.017331
0.017368
0.017405
0.017442
0.017480
0.017517
0.017555
0.017592
0.017630
0.017667
0.017705
0.017743
0.017781
0.017819
0.017857
0.017895
0.017933
0.017971
0.018009
0.018047
0.018085
0.018124
0.018162
0.018201
0.018239
0.018278
0.018316
0.018355
0.018394
0.018432
0.018471
0.018510
0.018549
0.018588
0.018627
0.018666
0.018706
0.018745
0.018784
0.018824
0.018863
0.018902
0.018942
0.018982
0.019021
0.019061
0.019101
0.019141
0.019180
0.019220
0.019260
0.019301
0.019341
0.019381
0.019421
0.019461
0.019502
0.019542
0.019583
0.019623
0.019664
0.019704
0.019745
0.019786
0.019827
0.019868
0.019909
0.019950
0.019991
0.020032
0.020073
0.020114
0.020156
0.020197
0.020238
0.020280
0.020321
0.020363
0.020405
0.020446
0.020488
0.020530
0.020572
0.020614
0.020656
0.020698
0.020740
0.020782
0.020825
0.020867
0.020909
0.020952
0.020994
0.021037
0.021080
0.021122
0.021165
0.021208
0.021251
0.021294
0.021337
0.021380
0.021423
0.021466
0.021509
0.021553
0.021596
0.021639
0.021683
0.021726
0.021770
0.021814
0.021857
0.021901
0.021945
0.021989
0.022033
0.022077
0.022121
0.022165
0.022210
0.022254
0.022298
0.022343
0.022387
0.022432
0.022476
0.022521
0.022566
0.022610
0.022655
0.022700
0.022745
0.022790
0.022835
0.022880
0.022926
0.022971
0.023016
0.023062
0.023107
0.023153
0.023198
0.023244
0.023290
0.023336
0.023381
0.023427
0.023473
0.023519
0.023565
0.023612
0.023658
0.023704
0.023750
0.023797
0.023843
0.023890
0.023937
0.023983
0.024030
0.024077
0.024124
0.024171
0.024218
0.024265
0.024312
0.024359
0.024406
0.024454
0.024501
0.024548
0.024596
0.024643
0.024691
0.024739
0.024787
0.024834
0.024882
0.024930
0.024978
0.025026
0.025075
0.025123
0.025171
0.025219
0.025268
0.025316
0.025365
0.025414
0.025462
0.025511
0.025560
0.025609
0.025658
0.025707
0.025756
0.025805
0.025854
0.025903
0.025953
0.026002
0.026051
0.026101
0.026151
0.026200
0.026250
0.026300
0.026350
0.026400
0.026450
0.026500
0.026550
0.026600
0.026650
0.026701
0.026751
0.026801
0.026852
0.026902
0.026953
0.027004
0.027055
0.027106
0.027156
0.027207
0.027258
0.027310
0.027361
0.027412
0.027463
0.027515
0.027566
0.027618
0.027669
0.027721
0.027773
0.027825
0.027876
0.027928
0.027980
0.028032
0.028085
0.028137
0.028189
0.028241
0.028294
0.028346
0.028399
0.028451
0.028504
0.028557
0.028610
0.028663
0.028715
0.028768
0.028822
0.028875
0.028928
0.028981
0.029035
0.029088
0.029142
0.029195
0.029249
0.029302
0.029356
0.029410
0.029464
0.029518
0.029572
0.029626
0.029680
0.029734
0.029789
0.029843
0.029898
0.029952
0.030007
0.030061
0.030116
0.030171
0.030226
0.030281
0.030336
0.030391
0.030446
0.030501
0.030557
0.030612
0.030667
0.030723
0.030778
0.030834
0.030890
0.030946
0.031001
0.031057
0.031113
0.031169
0.031226
0.031282
0.031338
0.031394
0.031451
0.031507
0.031564
0.031620
0.031677
0.031734
0.031791
0.031848
0.031905
0.031962
0.032019
0.032076
0.032133
0.032191
0.032248
0.032305
0.032363
0.032421
0.032478
0.032536
0.032594
0.032652
0.032710
0.032768
0.032826
0.032884
0.032942
0.033001
0.033059
0.033117
0.033176
0.033235
0.033293
0.033352
0.033411
0.033470
0.033529
0.033588
0.033647
0.033706
0.033765
0.033825
0.033884
0.033944
0.034003
0.034063
0.034122
0.034182
0.034242
0.034302
0.034362
0.034422
0.034482
0.034542
0.034603
0.034663
0.034723
0.034784
0.034844
0.034905
0.034966
0.035027
0.035087
0.035148
0.035209
0.035270
0.035332
0.035393
0.035454
0.035515
0.035577
0.035638
0.035700
0.035762
0.035823
0.035885
0.035947
0.036009
0.036071
0.036133
0.036195
0.036258
0.036320
0.036382
0.036445
0.036507
0.036570
0.036633
0.036695
0.036758
0.036821
0.036884
0.036947
0.037010
0.037073
0.037137
0.037200
0.037264
0.037327
0.037391
0.037454
0.037518
0.037582
0.037646
0.037710
0.037774
0.037838
0.037902
0.037966
0.038030
0.038095
0.038159
0.038224
0.038289
0.038353
0.038418
0.038483
0.038548
0.038613
0.038678
0.038743
0.038808
0.038874
0.038939
0.039004
0.039070
0.039135
0.039201
0.039267
0.039333
0.039399
0.039465
0.039531
0.039597
0.039663
0.039729
0.039796
0.039862
0.039929
0.039995
0.040062
0.040129
0.040195
0.040262
0.040329
0.040396
0.040463
0.040531
0.040598
0.040665
0.040733
0.040800
0.040868
0.040935
0.041003
0.041071
0.041139
0.041207
0.041275
0.041343
0.041411
0.041479
0.041548
0.041616
0.041685
0.041753
0.041822
0.041890
0.041959
0.042028
0.042097
0.042166
0.042235
0.042304
0.042374
0.042443
0.042512
0.042582
0.042652
0.042721
0.042791
0.042861
0.042931
0.043001
0.043071
0.043141
0.043211
0.043281
0.043351
0.043422
0.043492
0.043563
0.043634
0.043704
0.043775
0.043846
0.043917
0.043988
0.044059
0.044130
0.044202
0.044273
0.044344
0.044416
0.044488
0.044559
0.044631
0.044703
0.044775
0.044847
0.044919
0.044991
0.045063
0.045135
0.045208
0.045280
0.045353
0.045425
0.045498
0.045571
0.045644
0.045717
0.045790
0.045863
0.045936
0.046009
0.046082
0.046156
0.046229
0.046303
0.046376
0.046450
0.046524
0.046598
0.046672
0.046746
0.046820
0.046894
0.046968
0.047043
0.047117
0.047192
0.047266
0.047341
0.047416
0.047490
0.047565
0.047640
0.047715
0.047791
0.047866
0.047941
0.048016
0.048092
0.048167
0.048243
0.048319
0.048395
0.048470
0.048546
0.048622
0.048698
0.048775
0.048851
0.048927
0.049004
0.049080
0.049157
0.049233
0.049310
0.049387
0.049464
0.049541
0.049618
0.049695
0.049772
0.049850
0.049927
0.050004
0.050082
0.050160
0.050237
0.050315
0.050393
0.050471
0.050549
0.050627
0.050705
0.050783
0.050862
0.050940
0.051019
0.051097
0.051176
0.051255
0.051333
0.051412
0.051491
0.051570
0.051650
0.051729
0.051808
0.051888
0.051967
0.052047
0.052126
0.052206
0.052286
0.052366
0.052446
0.052526
0.052606
0.052686
0.052766
0.052847
0.052927
0.053008
0.053088
0.053169
0.053250
0.053331
0.053412
0.053493
0.053574
0.053655
0.053736
0.053817
0.053899
0.053980
0.054062
0.054144
0.054225
0.054307
0.054389
0.054471
0.054553
0.054635
0.054718
0.054800
0.054882
0.054965
0.055048
0.055130
0.055213
0.055296
0.055379
0.055462
0.055545
0.055628
0.055711
0.055794
0.055878
0.055961
0.056045
0.056129
0.056212
0.056296
0.056380
0.056464
0.056548
0.056632
0.056716
0.056801
0.056885
0.056970
0.057054
0.057139
0.057223
0.057308
0.057393
0.057478
0.057563
0.057648
0.057733
0.057819
0.057904
0.057990
0.058075
0.058161
0.058247
0.058332
0.058418
0.058504
0.058590
0.058676
0.058763
0.058849
0.058935
0.059022
0.059108
0.059195
0.059282
0.059368
0.059455
0.059542
0.059629
0.059716
0.059804
0.059891
0.059978
0.060066
0.060153
0.060241
0.060329
0.060416
0.060504
0.060592
0.060680
0.060768
0.060857
0.060945
0.061033
0.061122
0.061210
0.061299
0.061388
0.061476
0.061565
0.061654
0.061743
0.061832
0.061922
0.062011
0.062100
0.062190
0.062279
0.062369
0.062459
0.062548
0.062638
0.062728
0.062818
0.062908
0.062999
0.063089
0.063179
0.063270
0.063360
0.063451
0.063542
0.063633
0.063723
0.063814
0.063905
0.063997
0.064088
0.064179
0.064271
0.064362
0.064454
0.064545
0.064637
0.064729
0.064821
0.064913
0.065005
0.065097
0.065189
0.065281
0.065374
0.065466
0.065559
0.065652
0.065744
0.065837
0.065930
0.066023
0.066116
0.066209
0.066303
0.066396
0.066489
0.066583
0.066676
0.066770
0.066864
0.066958
0.067052
0.067146
0.067240
0.067334
0.067428
0.067522
0.067617
0.067711
0.067806
0.067901
0.067995
0.068090
0.068185
0.068280
0.068375
0.068471
0.068566
0.068661
0.068757
0.068852
0.068948
0.069044
0.069139
0.069235
0.069331
0.069427
0.069523
0.069620
0.069716
0.069812
0.069909
0.070005
0.070102
0.070199
0.070296
0.070392
0.070489
0.070586
0.070684
0.070781
0.070878
0.070976
0.071073
0.071171
0.071268
0.071366
0.071464
0.071562
0.071660
0.071758
0.071856
0.071954
0.072053
0.072151
0.072250
0.072348
0.072447
0.072546
0.072645
0.072743
0.072842
0.072942
0.073041
0.073140
0.073239
0.073339
0.073438
0.073538
0.073638
0.073738
0.073837
0.073937
0.074037
0.074138
0.074238
0.074338
0.074438
0.074539
0.074640
0.074740
0.074841
0.074942
0.075043
0.075144
0.075245
0.075346
0.075447
0.075548
0.075650
0.075751
0.075853
0.075955
0.076056
0.076158
0.076260
0.076362
0.076464
0.076566
0.076669
0.076771
0.076873
0.076976
0.077079
0.077181
0.077284
0.077387
0.077490
0.077593
0.077696
0.077799
0.077903
0.078006
0.078109
0.078213
0.078317
0.078420
0.078524
0.078628
0.078732
0.078836
0.078940
0.079045
0.079149
0.079253
0.079358
0.079462
0.079567
0.079672
0.079777
0.079881
0.079986
0.080092
0.080197
0.080302
0.080407
0.080513
0.080618
0.080724
0.080830
0.080935
0.081041
0.081147
0.081253
0.081359
0.081466
0.081572
0.081678
0.081785
0.081891
0.081998
0.082105
0.082211
0.082318
0.082425
0.082532
0.082640
0.082747
0.082854
0.082962
0.083069
0.083177
0.083284
0.083392
0.083500
0.083608
0.083716
0.083824
0.083932
0.084040
0.084149
0.084257
0.084366
0.084474
0.084583
0.084692
0.084801
0.084909
0.085019
0.085128
0.085237
0.085346
0.085456
0.085565
0.085675
0.085784
0.085894
0.086004
0.086114
0.086224
0.086334
0.086444
0.086554
0.086664
0.086775
0.086885
0.086996
0.087106
0.087217
0.087328
0.087439
0.087550
0.087661
0.087772
0.087883
0.087995
0.088106
0.088218
0.088329
0.088441
0.088553
0.088665
0.088777
0.088889
0.089001
0.089113
0.089225
0.089338
0.089450
0.089563
0.089675
0.089788
0.089901
0.090014
0.090127
0.090240
0.090353
0.090466
0.090579
0.090693
0.090806
0.090920
0.091033
0.091147
0.091261
0.091375
0.091489
0.091603
0.091717
0.091831
0.091946
0.092060
0.092175
0.092289
0.092404
0.092519
0.092633
0.092748
0.092863
0.092979
0.093094
0.093209
0.093324
0.093440
0.093555
0.093671
0.093787
0.093902
0.094018
0.094134
0.094250
0.094366
0.094483
0.094599
0.094715
0.094832
0.094948
0.095065
0.095182
0.095298
0.095415
0.095532
0.095649
0.095766
0.095884
0.096001
0.096118
0.096236
0.096353
0.096471
0.096589
0.096707
0.096825
0.096943
0.097061
0.097179
0.097297
0.097415
0.097534
0.097652
0.097771
0.097890
0.098008
0.098127
0.098246
0.098365
0.098484
0.098603
0.098723
0.098842
0.098961
0.099081
0.099201
0.099320
0.099440
0.099560
0.099680
0.099800
0.099920
0.100040
0.100160
0.100281
0.100401
0.100522
0.100642
0.100763
0.100884
0.101005
0.101126
0.101247
0.101368
0.101489
0.101610
0.101732
0.101853
0.101975
0.102096
0.102218
0.102340
0.102462
0.102584
0.102706
0.102828
0.102950
0.103072
0.103195
0.103317
0.103440
0.103562
0.103685
0.103808
0.103931
0.104054
0.104177
0.104300
0.104423
0.104546
0.104670
0.104793
0.104917
0.105041
0.105164
0.105288
0.105412
0.105536
0.105660
0.105784
0.105908
0.106033
0.106157
0.106282
0.106406
0.106531
0.106655
0.106780
0.106905
0.107030
0.107155
0.107280
0.107406
0.107531
0.107656
0.107782
0.107907
0.108033
0.108159
0.108285
0.108410
0.108536
0.108662
0.108789
0.108915
0.109041
0.109168
0.109294
0.109421
0.109547
0.109674
0.109801
0.109928
0.110055
0.110182
0.110309
0.110436
0.110563
0.110691
0.110818
0.110946
0.111073
0.111201
0.111329
0.111457
0.111585
0.111713
0.111841
0.111969
0.112097
0.112226
0.112354
0.112483
0.112612
0.112740
0.112869
0.112998
0.113127
0.113256
0.113385
0.113514
0.113643
0.113773
0.113902
0.114032
0.114161
0.114291
0.114421
0.114551
0.114681
0.114811
0.114941
0.115071
0.115201
0.115332
0.115462
0.115593
0.115723
0.115854
0.115985
0.116116
0.116246
0.116377
0.116509
0.116640
0.116771
0.116902
0.117034
0.117165
0.117297
0.117428
0.117560
0.117692
0.117824
0.117956
0.118088
0.118220
0.118352
0.118485
0.118617
0.118749
0.118882
0.119015
0.119147
0.119280
0.119413
0.119546
0.119679
0.119812
0.119945
0.120079
0.120212
0.120345
0.120479
0.120613
0.120746
0.120880
0.121014
0.121148
0.121282
0.121416
0.121550
0.121684
0.121819
0.121953
0.122087
0.122222
0.122357
0.122491
0.122626
0.122761
0.122896
0.123031
0.123166
0.123301
0.123437
0.123572
0.123708
0.123843
0.123979
0.124114
0.124250
0.124386
0.124522
0.124658
0.124794
0.124930
0.125066
0.125203
0.125339
0.125476
0.125612
0.125749
0.125886
0.126022
0.126159
0.126296
0.126433
0.126570
0.126708
0.126845
0.126982
0.127120
0.127257
0.127395
0.127532
0.127670
0.127808
0.127946
0.128084
0.128222
0.128360
0.128498
0.128637
0.128775
0.128913
0.129052
0.129191
0.129329
0.129468
0.129607
0.129746
0.129885
0.130024
0.130163
0.130302
0.130442
0.130581
0.130720
0.130860
0.131000
0.131139
0.131279
0.131419
0.131559
0.131699
0.131839
0.131979
0.132119
0.132260
0.132400
0.132541
0.132681
0.132822
0.132963
0.133103
0.133244
0.133385
0.133526
0.133667
0.133808
0.133950
0.134091
0.134232
0.134374
0.134515
0.134657
0.134799
0.134941
0.135083
0.135224
0.135366
0.135509
0.135651
0.135793
0.135935
0.136078
0.136220
0.136363
0.136505
0.136648
0.136791
0.136934
0.137077
0.137220
0.137363
0.137506
0.137649
0.137793
0.137936
0.138079
0.138223
0.138367
0.138510
0.138654
0.138798
0.138942
0.139086
0.139230
0.139374
0.139518
0.139663
0.139807
0.139951
0.140096
0.140240
0.140385
0.140530
0.140675
0.140820
0.140965
0.141110
0.141255
0.141400
0.141545
0.141691
0.141836
0.141981
0.142127
0.142273
0.142418
0.142564
0.142710
0.142856
0.143002
0.143148
0.143294
0.143441
0.143587
0.143733
0.143880
0.144026
0.144173
0.144320
0.144466
0.144613
0.144760
0.144907
0.145054
0.145201
0.145348
0.145496
0.145643
0.145790
0.145938
0.146085
0.146233
0.146381
0.146529
0.146676
0.146824
0.146972
0.147120
0.147269
0.147417
0.147565
0.147713
0.147862
0.148010
0.148159
0.148308
0.148456
0.148605
0.148754
0.148903
0.149052
0.149201
0.149350
0.149499
0.149649
0.149798
0.149947
0.150097
0.150247
0.150396
0.150546
0.150696
0.150846
0.150996
0.151146
0.151296
0.151446
0.151596
0.151746
0.151897
0.152047
0.152198
0.152348
0.152499
0.152650
0.152800
0.152951
0.153102
0.153253
0.153404
0.153555
0.153707
0.153858
0.154009
0.154161
0.154312
0.154464
0.154615
0.154767
0.154919
0.155071
0.155223
0.155375
0.155527
0.155679
0.155831
0.155983
0.156136
0.156288
0.156441
0.156593
0.156746
0.156898
0.157051
0.157204
0.157357
0.157510
0.157663
0.157816
0.157969
0.158122
0.158276
0.158429
0.158582
0.158736
0.158889
0.159043
0.159197
0.159351
0.159504
0.159658
0.159812
0.159966
0.160121
0.160275
0.160429
0.160583
0.160738
0.160892
0.161047
0.161201
0.161356
0.161511
0.161665
0.161820
0.161975
0.162130
0.162285
0.162440
0.162596
0.162751
0.162906
0.163062
0.163217
0.163373
0.163528
0.163684
0.163840
0.163995
0.164151
0.164307
0.164463
0.164619
0.164775
0.164932
0.165088
0.165244
0.165400
0.165557
0.165713
0.165870
0.166027
0.166183
0.166340
0.166497
0.166654
0.166811
0.166968
0.167125
0.167282
0.167439
0.167597
0.167754
0.167912
0.168069
0.168227
0.168384
0.168542
0.168700
0.168858
0.169015
0.169173
0.169331
0.169489
0.169648
0.169806
0.169964
0.170122
0.170281
0.170439
0.170598
0.170756
0.170915
0.171074
0.171232
0.171391
0.171550
0.171709
0.171868
0.172027
0.172186
0.172346
0.172505
0.172664
0.172824
0.172983
0.173143
0.173302
0.173462
0.173622
0.173781
0.173941
0.174101
0.174261
0.174421
0.174581
0.174741
0.174902
0.175062
0.175222
0.175383
0.175543
0.175703
0.175864
0.176025
0.176185
0.176346
0.176507
0.176668
0.176829
0.176990
0.177151
0.177312
0.177473
0.177634
0.177796
0.177957
0.178119
0.178280
0.178442
0.178603
0.178765
0.178927
0.179088
0.179250
0.179412
0.179574
0.179736
0.179898
0.180060
0.180223
0.180385
0.180547
0.180709
0.180872
0.181034
0.181197
0.181360
0.181522
0.181685
0.181848
0.182011
0.182174
0.182337
0.182500
0.182663
0.182826
0.182989
0.183152
0.183316
0.183479
0.183642
0.183806
0.183969
0.184133
0.184297
0.184460
0.184624
0.184788
0.184952
0.185116
0.185280
0.185444
0.185608
0.185772
0.185936
0.186101
0.186265
0.186429
0.186594
0.186758
0.186923
0.187088
0.187252
0.187417
0.187582
0.187747
0.187912
0.188077
0.188242
0.188407
0.188572
0.188737
0.188902
0.189067
0.189233
0.189398
0.189564
0.189729
0.189895
0.190060
0.190226
0.190392
0.190558
0.190723
0.190889
0.191055
0.191221
0.191387
0.191553
0.191720
0.191886
0.192052
0.192218
0.192385
0.192551
0.192718
0.192884
0.193051
0.193218
0.193384
0.193551
0.193718
0.193885
0.194052
0.194219
0.194386
0.194553
0.194720
0.194887
0.195054
0.195221
0.195389
0.195556
0.195724
0.195891
0.196059
0.196226
0.196394
0.196562
0.196729
0.196897
0.197065
0.197233
0.197401
0.197569
0.197737
0.197905
0.198073
0.198241
0.198410
0.198578
0.198746
0.198915
0.199083
0.199252
0.199420
0.199589
0.199757
0.199926
0.200095
0.200264
0.200433
0.200601
0.200770
0.200939
0.201108
0.201278
0.201447
0.201616
0.201785
0.201954
0.202124
0.202293
0.202463
0.202632
0.202802
0.202971
0.203141
0.203311
0.203480
0.203650
0.203820
0.203990
0.204160
0.204330
0.204500
0.204670
0.204840
0.205010
0.205180
0.205351
0.205521
0.205691
0.205862
0.206032
0.206203
0.206373
0.206544
0.206714
0.206885
0.207056
0.207226
0.207397
0.207568
0.207739
0.207910
0.208081
0.208252
0.208423
0.208594
0.208765
0.208937
0.209108
0.209279
0.209451
0.209622
0.209794
0.209965
0.210137
0.210308
0.210480
0.210651
0.210823
0.210995
0.211167
0.211339
0.211510
0.211682
0.211854
0.212026
0.212198
0.212371
0.212543
0.212715
0.212887
0.213059
0.213232
0.213404
0.213577
0.213749
0.213922
0.214094
0.214267
0.214439
0.214612
0.214785
0.214957
0.215130
0.215303
0.215476
0.215649
0.215822
0.215995
0.216168
0.216341
0.216514
0.216687
0.216861
0.217034
0.217207
0.217380
0.217554
0.217727
0.217901
0.218074
0.218248
0.218421
0.218595
0.218769
0.218942
0.219116
0.219290
0.219464
0.219637
0.219811
0.219985
0.220159
0.220333
0.220507
0.220681
0.220856
0.221030
0.221204
0.221378
0.221552
0.221727
0.221901
0.222076
0.222250
0.222425
0.222599
0.222774
0.222948
0.223123
0.223297
0.223472
0.223647
0.223822
0.223997
0.224171
0.224346
0.224521
0.224696
0.224871
0.225046
0.225221
0.225396
0.225572
0.225747
0.225922
0.226097
0.226273
0.226448
0.226623
0.226799
0.226974
0.227150
0.227325
0.227501
0.227676
0.227852
0.228027
0.228203
0.228379
0.228555
0.228730
0.228906
0.229082
0.229258
0.229434
0.229610
0.229786
0.229962
0.230138
0.230314
0.230490
0.230666
0.230842
0.231019
0.231195
0.231371
0.231548
0.231724
0.231900
0.232077
0.232253
0.232430
0.232606
0.232783
0.232959
0.233136
0.233313
0.233489
0.233666
0.233843
0.234020
0.234196
0.234373
0.234550
0.234727
0.234904
0.235081
0.235258
0.235435
0.235612
0.235789
0.235966
0.236143
0.236321
0.236498
0.236675
0.236852
0.237030
0.237207
0.237384
0.237562
0.237739
0.237917
0.238094
0.238272
0.238449
0.238627
0.238804
0.238982
0.239160
0.239337
0.239515
0.239693
0.239870
0.240048
0.240226
0.240404
0.240582
0.240760
0.240938
0.241116
0.241294
0.241472
0.241650
0.241828
0.242006
0.242184
0.242362
0.242540
0.242719
0.242897
0.243075
0.243253
0.243432
0.243610
0.243788
0.243967
0.244145
0.244324
0.244502
0.244681
0.244859
0.245038
0.245216
0.245395
0.245574
0.245752
0.245931
0.246110
0.246288
0.246467
0.246646
0.246825
0.247003
0.247182
0.247361
0.247540
0.247719
0.247898
0.248077
0.248256
0.248435
0.248614
0.248793
0.248972
0.249151
0.249330
0.249509
0.249689
0.249868
0.250047
0.250226
0.250405
0.250585
0.250764
0.250943
0.251123
0.251302
0.251482
0.251661
0.251840
0.252020
0.252199
0.252379
0.252558
0.252738
0.252917
0.253097
0.253277
0.253456
0.253636
0.253816
0.253995
0.254175
0.254355
0.254534
0.254714
0.254894
0.255074
0.255254
0.255433
0.255613
0.255793
0.255973
0.256153
0.256333
0.256513
0.256693
0.256873
0.257053
0.257233
0.257413
0.257593
0.257773
0.257953
0.258133
0.258314
0.258494
0.258674
0.258854
0.259034
0.259214
0.259395
0.259575
0.259755
0.259936
0.260116
0.260296
0.260477
0.260657
0.260837
0.261018
0.261198
0.261378
0.261559
0.261739
0.261920
0.262100
0.262281
0.262461
0.262642
0.262822
0.263003
0.263184
0.263364
0.263545
0.263725
0.263906
0.264087
0.264267
0.264448
0.264629
0.264809
0.264990
0.265171
0.265352
0.265532
0.265713
0.265894
0.266075
0.266255
0.266436
0.266617
0.266798
0.266979
0.267160
0.267341
0.267521
0.267702
0.267883
0.268064
0.268245
0.268426
0.268607
0.268788
0.268969
0.269150
0.269331
0.269512
0.269693
0.269874
0.270055
0.270236
0.270417
0.270598
0.270779
0.270961
0.271142
0.271323
0.271504
0.271685
0.271866
0.272047
0.272229
0.272410
0.272591
0.272772
0.272953
0.273135
0.273316
0.273497
0.273678
0.273859
0.274041
0.274222
0.274403
0.274585
0.274766
0.274947
0.275128
0.275310
0.275491
0.275672
0.275854
0.276035
0.276216
0.276398
0.276579
0.276760
0.276942
0.277123
0.277305
0.277486
0.277667
0.277849
0.278030
0.278212
0.278393
0.278574
0.278756
0.278937
0.279119
0.279300
0.279482
0.279663
0.279845
0.280026
0.280207
0.280389
0.280570
0.280752
0.280933
0.281115
0.281296
0.281478
0.281659
0.281841
0.282022
0.282204
0.282385
0.282567
0.282748
0.282930
0.283111
0.283293
0.283474
0.283656
0.283838
0.284019
0.284201
0.284382
0.284564
0.284745
0.284927
0.285108
0.285290
0.285471
0.285653
0.285834
0.286016
0.286198
0.286379
0.286561
0.286742
0.286924
0.287105
0.287287
0.287468
0.287650
0.287832
0.288013
0.288195
0.288376
0.288558
0.288739
0.288921
0.289102
0.289284
0.289465
0.289647
0.289828
0.290010
0.290192
0.290373
0.290555
0.290736
0.290918
0.291099
0.291281
0.291462
0.291644
0.291825
0.292007
0.292188
0.292370
0.292551
0.292733
0.292914
0.293096
0.293277
0.293459
0.293640
0.293822
0.294003
0.294185
0.294366
0.294547
0.294729
0.294910
0.295092
0.295273
0.295455
0.295636
0.295818
0.295999
0.296180
0.296362
0.296543
0.296725
0.296906
0.297087
0.297269
0.297450
0.297631
0.297813
0.297994
0.298175
0.298357
0.298538
0.298719
0.298901
0.299082
0.299263
0.299445
0.299626
0.299807
0.299988
0.300170
0.300351
0.300532
0.300713
0.300895
0.301076
0.301257
0.301438
0.301619
0.301801
0.301982
0.302163
0.302344
0.302525
0.302706
0.302888
0.303069
0.303250
0.303431
0.303612
0.303793
0.303974
0.304155
0.304336
0.304517
0.304698
0.304879
0.305060
0.305241
0.305422
0.305603
0.305784
0.305965
0.306146
0.306327
0.306508
0.306689
0.306870
0.307050
0.307231
0.307412
0.307593
0.307774
0.307955
0.308135
0.308316
0.308497
0.308678
0.308858
0.309039
0.309220
0.309400
0.309581
0.309762
0.309942
0.310123
0.310304
0.310484
0.310665
0.310846
0.311026
0.311207
0.311387
0.311568
0.311748
0.311929
0.312109
0.312290
0.312470
0.312650
0.312831
0.313011
0.313192
0.313372
0.313552
0.313733
0.313913
0.314093
0.314274
0.314454
0.314634
0.314814
0.314994
0.315175
0.315355
0.315535
0.315715
0.315895
0.316075
0.316255
0.316436
0.316616
0.316796
0.316976
0.317156
0.317336
0.317515
0.317695
0.317875
0.318055
0.318235
0.318415
0.318595
0.318775
0.318954
0.319134
0.319314
0.319494
0.319673
0.319853
0.320033
0.320212
0.320392
0.320572
0.320751
0.320931
0.321110
0.321290
0.321469
0.321649
0.321828
0.322008
0.322187
0.322367
0.322546
0.322725
0.322905
0.323084
0.323263
0.323442
0.323622
0.323801
0.323980
0.324159
0.324338
0.324518
0.324697
0.324876
0.325055
0.325234
0.325413
0.325592
0.325771
0.325950
0.326129
0.326307
0.326486
0.326665
0.326844
0.327023
0.327201
0.327380
0.327559
0.327738
0.327916
0.328095
0.328273
0.328452
0.328631
0.328809
0.328988
0.329166
0.329345
0.329523
0.329701
0.329880
0.330058
0.330236
0.330415
0.330593
0.330771
0.330949
0.331128
0.331306
0.331484
0.331662
0.331840
0.332018
0.332196
0.332374
0.332552
0.332730
0.332908
0.333086
0.333263
0.333441
0.333619
0.333797
0.333974
0.334152
0.334330
0.334507
0.334685
0.334863
0.335040
0.335218
0.335395
0.335573
0.335750
0.335927
0.336105
0.336282
0.336459
0.336637
0.336814
0.336991
0.337168
0.337345
0.337522
0.337699
0.337876
0.338053
0.338230
0.338407
0.338584
0.338761
0.338938
0.339115
0.339292
0.339468
0.339645
0.339822
0.339998
0.340175
0.340352
0.340528
0.340705
0.340881
0.341058
0.341234
0.341410
0.341587
0.341763
0.341939
0.342116
0.342292
0.342468
0.342644
0.342820
0.342996
0.343172
0.343348
0.343524
0.343700
0.343876
0.344052
0.344228
0.344403
0.344579
0.344755
0.344931
0.345106
0.345282
0.345457
0.345633
0.345808
0.345984
0.346159
0.346335
0.346510
0.346685
0.346861
0.347036
0.347211
0.347386
0.347561
0.347736
0.347911
0.348086
0.348261
0.348436
0.348611
0.348786
0.348961
0.349135
0.349310
0.349485
0.349660
0.349834
0.350009
0.350183
0.350358
0.350532
0.350707
0.350881
0.351055
0.351230
0.351404
0.351578
0.351752
0.351926
0.352100
0.352274
0.352448
0.352622
0.352796
0.352970
0.353144
0.353318
0.353492
0.353665
0.353839
0.354013
0.354186
0.354360
0.354533
0.354707
0.354880
0.355053
0.355227
0.355400
0.355573
0.355747
0.355920
0.356093
0.356266
0.356439
0.356612
0.356785
0.356958
0.357131
0.357303
0.357476
0.357649
0.357822
0.357994
0.358167
0.358339
0.358512
0.358684
0.358857
0.359029
0.359201
0.359374
0.359546
0.359718
0.359890
0.360062
0.360234
0.360406
0.360578
0.360750
0.360922
0.361094
0.361265
0.361437
0.361609
0.361780
0.361952
0.362124
0.362295
0.362467
0.362638
0.362809
0.362981
0.363152
0.363323
0.363494
0.363665
0.363836
0.364007
0.364178
0.364349
0.364520
0.364691
0.364862
0.365032
0.365203
0.365374
0.365544
0.365715
0.365885
0.366055
0.366226
0.366396
0.366566
0.366737
0.366907
0.367077
0.367247
0.367417
0.367587
0.367757
0.367927
0.368097
0.368266
0.368436
0.368606
0.368775
0.368945
0.369114
0.369284
0.369453
0.369623
0.369792
0.369961
0.370130
0.370299
0.370468
0.370638
0.370806
0.370975
0.371144
0.371313
0.371482
0.371651
0.371819
0.371988
0.372156
0.372325
0.372493
0.372662
0.372830
0.372998
0.373167
0.373335
0.373503
0.373671
0.373839
0.374007
0.374175
0.374343
0.374511
0.374678
0.374846
0.375014
0.375181
0.375349
0.375516
0.375684
0.375851
0.376018
0.376186
0.376353
0.376520
0.376687
0.376854
0.377021
0.377188
0.377355
0.377522
0.377688
0.377855
0.378022
0.378188
0.378355
0.378521
0.378688
0.378854
0.379020
0.379186
0.379353
0.379519
0.379685
0.379851
0.380017
0.380183
0.380348
0.380514
0.380680
0.380846
0.381011
0.381177
0.381342
0.381507
0.381673
0.381838
0.382003
0.382169
0.382334
0.382499
0.382664
0.382829
0.382994
0.383158
0.383323
0.383488
0.383652
0.383817
0.383982
0.384146
0.384310
0.384475
0.384639
0.384803
0.384967
0.385131
0.385295
0.385459
0.385623
0.385787
0.385951
0.386115
0.386278
0.386442
0.386605
0.386769
0.386932
0.387096
0.387259
0.387422
0.387585
0.387748
0.387911
0.388074
0.388237
0.388400
0.388563
0.388726
0.388888
0.389051
0.389213
0.389376
0.389538
0.389701
0.389863
0.390025
0.390187
0.390349
0.390511
0.390673
0.390835
0.390997
0.391159
0.391320
0.391482
0.391644
0.391805
0.391967
0.392128
0.392289
0.392450
0.392612
0.392773
0.392934
0.393095
0.393256
0.393417
0.393577
0.393738
0.393899
0.394059
0.394220
0.394380
0.394541
0.394701
0.394861
0.395021
0.395181
0.395341
0.395501
0.395661
0.395821
0.395981
0.396141
0.396300
0.396460
0.396619
0.396779
0.396938
0.397097
0.397257
0.397416
0.397575
0.397734
0.397893
0.398052
0.398211
0.398369
0.398528
0.398687
0.398845
0.399004
0.399162
0.399320
0.399479
0.399637
0.399795
0.399953
0.400111
0.400269
0.400427
0.400585
0.400742
0.400900
0.401057
0.401215
0.401372
0.401530
0.401687
0.401844
0.402001
0.402158
0.402315
0.402472
0.402629
0.402786
0.402943
0.403099
0.403256
0.403412
0.403569
0.403725
0.403881
0.404038
0.404194
0.404350
0.404506
0.404662
0.404818
0.404973
0.405129
0.405285
0.405440
0.405596
0.405751
0.405907
0.406062
0.406217
0.406372
0.406527
0.406682
0.406837
0.406992
0.407147
0.407301
0.407456
0.407610
0.407765
0.407919
0.408074
0.408228
0.408382
0.408536
0.408690
0.408844
0.408998
0.409152
0.409305
0.409459
0.409613
0.409766
0.409919
0.410073
0.410226
0.410379
0.410532
0.410685
0.410838
0.410991
0.411144
0.411297
0.411449
0.411602
0.411754
0.411907
0.412059
0.412211
0.412364
0.412516
0.412668
0.412820
0.412972
0.413123
0.413275
0.413427
0.413578
0.413730
0.413881
0.414033
0.414184
0.414335
0.414486
0.414637
0.414788
0.414939
0.415090
0.415241
0.415391
0.415542
0.415692
0.415843
0.415993
0.416143
0.416293
0.416444
0.416594
0.416743
0.416893
0.417043
0.417193
0.417342
0.417492
0.417641
0.417791
0.417940
0.418089
0.418238
0.418387
0.418536
0.418685
0.418834
0.418983
0.419132
0.419280
0.419429
0.419577
0.419725
0.419874
0.420022
0.420170
0.420318
0.420466
0.420614
0.420761
0.420909
0.421057
0.421204
0.421352
0.421499
0.421646
0.421794
0.421941
0.422088
0.422235
0.422382
0.422528
0.422675
0.422822
0.422968
0.423115
0.423261
0.423407
0.423554
0.423700
0.423846
0.423992
0.424138
0.424283
0.424429
0.424575
0.424720
0.424866
0.425011
0.425157
0.425302
0.425447
0.425592
0.425737
0.425882
0.426027
0.426171
0.426316
0.426461
0.426605
0.426749
0.426894
0.427038
0.427182
0.427326
0.427470
0.427614
0.427758
0.427901
0.428045
0.428189
0.428332
0.428475
0.428619
0.428762
0.428905
0.429048
0.429191
0.429334
0.429477
0.429619
0.429762
0.429904
0.430047
0.430189
0.430331
0.430474
0.430616
0.430758
0.430900
0.431041
0.431183
0.431325
0.431466
0.431608
0.431749
0.431891
0.432032
0.432173
0.432314
0.432455
0.432596
0.432737
0.432877
0.433018
0.433158
0.433299
0.433439
0.433580
0.433720
0.433860
0.434000
0.434140
0.434280
0.434419
0.434559
0.434698
0.434838
0.434977
0.435117
0.435256
0.435395
0.435534
0.435673
0.435812
0.435951
0.436089
0.436228
0.436366
0.436505
0.436643
0.436781
0.436920
0.437058
0.437196
0.437333
0.437471
0.437609
0.437747
0.437884
0.438021
0.438159
0.438296
0.438433
0.438570
0.438707
0.438844
0.438981
0.439118
0.439254
0.439391
0.439527
0.439664
0.439800
0.439936
0.440072
0.440208
0.440344
0.440480
0.440616
0.440751
0.440887
0.441022
0.441158
0.441293
0.441428
0.441563
0.441698
0.441833
0.441968
0.442103
0.442237
0.442372
0.442506
0.442641
0.442775
0.442909
0.443043
0.443177
0.443311
0.443445
0.443579
0.443712
0.443846
0.443979
0.444113
0.444246
0.444379
0.444512
0.444645
0.444778
0.444911
0.445043
0.445176
0.445309
0.445441
0.445573
0.445706
0.445838
0.445970
0.446102
0.446234
0.446365
0.446497
0.446629
0.446760
0.446892
0.447023
0.447154
0.447285
0.447416
0.447547
0.447678
0.447809
0.447940
0.448070
0.448201
0.448331
0.448461
0.448591
0.448721
0.448852
0.448981
0.449111
0.449241
0.449371
0.449500
0.449630
0.449759
0.449888
0.450017
0.450146
0.450275
0.450404
0.450533
0.450662
0.450790
0.450919
0.451047
0.451175
0.451304
0.451432
0.451560
0.451688
0.451815
0.451943
0.452071
0.452198
0.452326
0.452453
0.452580
0.452708
0.452835
0.452962
0.453089
0.453215
0.453342
0.453469
0.453595
0.453721
0.453848
0.453974
0.454100
0.454226
0.454352
0.454478
0.454604
0.454729
0.454855
0.454980
0.455105
0.455231
0.455356
0.455481
0.455606
0.455731
0.455855
0.455980
0.456105
0.456229
0.456354
0.456478
0.456602
0.456726
0.456850
0.456974
0.457098
0.457221
0.457345
0.457469
0.457592
0.457715
0.457838
0.457962
0.458085
0.458207
0.458330
0.458453
0.458576
0.458698
0.458821
0.458943
0.459065
0.459187
0.459309
0.459431
0.459553
0.459675
0.459797
0.459918
0.460040
0.460161
0.460282
0.460403
0.460524
0.460645
0.460766
0.460887
0.461008
0.461128
0.461249
0.461369
0.461489
0.461609
0.461730
0.461850
0.461969
0.462089
0.462209
0.462328
0.462448
0.462567
0.462687
0.462806
0.462925
0.463044
0.463163
0.463282
0.463400
0.463519
0.463637
0.463756
0.463874
0.463992
0.464110
0.464228
0.464346
0.464464
0.464582
0.464699
0.464817
0.464934
0.465052
0.465169
0.465286
0.465403
0.465520
0.465637
0.465753
0.465870
0.465986
0.466103
0.466219
0.466335
0.466451
0.466567
0.466683
0.466799
0.466915
0.467030
0.467146
0.467261
0.467377
0.467492
0.467607
0.467722
0.467837
0.467952
0.468066
0.468181
0.468295
0.468410
0.468524
0.468638
0.468752
0.468867
0.468980
0.469094
0.469208
0.469322
0.469435
0.469548
0.469662
0.469775
0.469888
0.470001
0.470114
0.470227
0.470339
0.470452
0.470564
0.470677
0.470789
0.470901
0.471013
0.471125
0.471237
0.471349
0.471461
0.471572
0.471684
0.471795
0.471907
0.472018
0.472129
0.472240
0.472351
0.472461
0.472572
0.472683
0.472793
0.472903
0.473014
0.473124
0.473234
0.473344
0.473454
0.473564
0.473673
0.473783
0.473892
0.474002
0.474111
0.474220
0.474329
0.474438
0.474547
0.474656
0.474764
0.474873
0.474981
0.475090
0.475198
0.475306
0.475414
0.475522
0.475630
0.475737
0.475845
0.475953
0.476060
0.476167
0.476274
0.476382
0.476489
0.476596
0.476702
0.476809
0.476916
0.477022
0.477129
0.477235
0.477341
0.477447
0.477553
0.477659
0.477765
0.477870
0.477976
0.478082
0.478187
0.478292
0.478397
0.478502
0.478607
0.478712
0.478817
0.478922
0.479026
0.479131
0.479235
0.479339
0.479443
0.479547
0.479651
0.479755
0.479859
0.479963
0.480066
0.480170
0.480273
0.480376
0.480479
0.480582
0.480685
0.480788
0.480891
0.480993
0.481096
0.481198
0.481300
0.481403
0.481505
0.481607
0.481709
0.481810
0.481912
0.482014
0.482115
0.482217
0.482318
0.482419
0.482520
0.482621
0.482722
0.482823
0.482923
0.483024
0.483124
0.483225
0.483325
0.483425
0.483525
0.483625
0.483725
0.483824
0.483924
0.484024
0.484123
0.484222
0.484322
0.484421
0.484520
0.484619
0.484717
0.484816
0.484915
0.485013
0.485112
0.485210
0.485308
0.485406
0.485504
0.485602
0.485700
0.485797
0.485895
0.485992
0.486090
0.486187
0.486284
0.486381
0.486478
0.486575
0.486672
0.486768
0.486865
0.486961
0.487058
0.487154
0.487250
0.487346
0.487442
0.487538
0.487633
0.487729
0.487825
0.487920
0.488015
0.488110
0.488205
0.488300
0.488395
0.488490
0.488585
0.488679
0.488774
0.488868
0.488962
0.489057
0.489151
0.489245
0.489338
0.489432
0.489526
0.489619
0.489713
0.489806
0.489899
0.489993
0.490086
0.490178
0.490271
0.490364
0.490457
0.490549
0.490642
0.490734
0.490826
0.490918
0.491010
0.491102
0.491194
0.491285
0.491377
0.491469
0.491560
0.491651
0.491742
0.491833
0.491924
0.492015
0.492106
0.492197
0.492287
0.492378
0.492468
0.492558
0.492648
0.492738
0.492828
0.492918
0.493008
0.493097
0.493187
0.493276
0.493366
0.493455
0.493544
0.493633
0.493722
0.493811
0.493899
0.493988
0.494077
0.494165
0.494253
0.494341
0.494429
0.494517
0.494605
0.494693
0.494781
0.494868
0.494956
0.495043
0.495130
0.495218
0.495305
0.495392
0.495478
0.495565
0.495652
0.495738
0.495825
0.495911
0.495997
0.496083
0.496169
0.496255
0.496341
0.496427
0.496512
0.496598
0.496683
0.496769
0.496854
0.496939
0.497024
0.497109
0.497194
0.497278
0.497363
0.497447
0.497532
0.497616
0.497700
0.497784
0.497868
0.497952
0.498036
0.498120
0.498203
0.498287
0.498370
0.498453
0.498536
0.498619
0.498702
0.498785
0.498868
0.498951
0.499033
0.499116
0.499198
0.499280
0.499362
0.499444
0.499526
0.499608
0.499690
0.499771
0.499853
0.499934
0.500016
0.500097
0.500178
0.500259
0.500340
0.500421
0.500501
0.500582
0.500663
0.500743
0.500823
0.500903
0.500984
0.501064
0.501143
0.501223
0.501303
0.501383
0.501462
0.501541
0.501621
0.501700
0.501779
0.501858
0.501937
0.502016
0.502094
0.502173
0.502251
0.502330
0.502408
0.502486
0.502564
0.502642
0.502720
0.502798
0.502875
0.502953
0.503030
0.503108
0.503185
0.503262
0.503339
0.503416
0.503493
0.503570
0.503646
0.503723
0.503799
0.503876
0.503952
0.504028
0.504104
